,class,cap-shape,cap-surface,cap-color,bruises,odor,gill-attachment,gill-spacing,gill-size,gill-color,stalk-shape,stalk-root,stalk-surface-above-ring,stalk-surface-below-ring,stalk-color-above-ring,stalk-color-below-ring,veil-type,veil-color,ring-number,ring-type,spore-print-color,population,habitat
0,1,5,2,4,1,6,1,0,1,4,0,3,2,2,7,7,0,2,1,4,2,3,5
1,0,5,2,9,1,0,1,0,0,4,0,2,2,2,7,7,0,2,1,4,3,2,1
2,0,0,2,8,1,3,1,0,0,5,0,2,2,2,7,7,0,2,1,4,3,2,3
3,1,5,3,8,1,6,1,0,1,5,0,3,2,2,7,7,0,2,1,4,2,3,5
4,0,5,2,3,0,5,1,1,0,4,1,3,2,2,7,7,0,2,1,0,3,0,1
5,0,5,3,9,1,0,1,0,0,5,0,2,2,2,7,7,0,2,1,4,2,2,1
6,0,0,2,8,1,0,1,0,0,2,0,2,2,2,7,7,0,2,1,4,2,2,3
7,0,0,3,8,1,3,1,0,0,5,0,2,2,2,7,7,0,2,1,4,3,3,3
8,1,5,3,8,1,6,1,0,1,7,0,3,2,2,7,7,0,2,1,4,2,4,1
9,0,0,2,9,1,0,1,0,0,2,0,2,2,2,7,7,0,2,1,4,2,3,3
10,0,5,3,9,1,3,1,0,0,2,0,2,2,2,7,7,0,2,1,4,3,2,1
11,0,5,3,9,1,0,1,0,0,5,0,2,2,2,7,7,0,2,1,4,2,3,3
12,0,0,2,9,1,0,1,0,0,10,0,2,2,2,7,7,0,2,1,4,3,3,1
13,1,5,3,8,1,6,1,0,1,4,0,3,2,2,7,7,0,2,1,4,3,4,5
14,0,5,0,4,0,5,1,1,0,5,1,3,2,0,7,7,0,2,1,0,2,0,1
15,0,4,0,3,0,5,1,0,1,4,0,3,2,2,7,7,0,2,1,4,3,5,5
16,0,2,0,8,0,5,1,1,0,4,1,3,2,2,7,7,0,2,1,0,3,0,1
17,1,5,2,4,1,6,1,0,1,5,0,3,2,2,7,7,0,2,1,4,2,3,1
18,1,5,3,8,1,6,1,0,1,5,0,3,2,2,7,7,0,2,1,4,3,3,5
19,1,5,2,4,1,6,1,0,1,4,0,3,2,2,7,7,0,2,1,4,3,3,5
20,0,0,2,9,1,0,1,0,0,4,0,2,2,2,7,7,0,2,1,4,3,3,3
21,1,5,3,4,1,6,1,0,1,5,0,3,2,2,7,7,0,2,1,4,3,4,1
22,0,0,3,9,1,3,1,0,0,4,0,2,2,2,7,7,0,2,1,4,3,3,3
23,0,0,3,8,1,0,1,0,0,10,0,2,2,2,7,7,0,2,1,4,3,2,3
24,0,0,2,8,1,3,1,0,0,2,0,2,2,2,7,7,0,2,1,4,2,3,3
25,1,2,2,8,1,6,1,0,1,5,0,3,2,2,7,7,0,2,1,4,3,4,1
26,0,5,3,9,1,0,1,0,0,5,0,2,2,2,7,7,0,2,1,4,3,2,3
27,0,5,3,8,1,3,1,0,0,10,0,2,2,2,7,7,0,2,1,4,3,2,3
28,0,2,0,4,0,5,1,0,1,4,0,3,2,2,7,7,0,2,1,4,2,5,5
29,0,5,2,9,1,0,1,1,1,5,1,1,2,2,7,7,0,2,1,4,3,4,0
30,0,0,2,9,1,3,1,0,0,2,0,2,2,2,7,7,0,2,1,4,3,2,3
31,1,5,3,8,1,6,1,0,1,4,0,3,2,2,7,7,0,2,1,4,3,3,5
32,0,5,3,9,1,3,1,0,0,5,0,2,2,2,7,7,0,2,1,4,3,2,3
33,0,5,3,4,1,3,1,0,0,7,0,4,2,3,7,7,0,2,1,4,3,5,4
34,0,0,3,9,1,3,1,0,0,5,0,2,2,2,7,7,0,2,1,4,3,3,3
35,0,5,0,9,1,3,1,1,1,10,1,1,2,2,7,7,0,2,1,4,3,4,0
36,0,4,0,3,0,5,1,0,1,4,0,3,2,2,7,7,0,2,1,4,2,4,5
37,1,5,3,4,1,6,1,0,1,10,0,3,2,2,7,7,0,2,1,4,3,3,5
38,0,5,0,9,1,0,1,1,1,7,1,1,2,2,7,7,0,2,1,4,3,4,0
39,0,0,2,9,1,3,1,0,0,4,0,2,2,2,7,7,0,2,1,4,2,3,3
40,0,0,3,9,1,0,1,0,0,5,0,2,2,2,7,7,0,2,1,4,3,3,1
41,0,5,3,9,1,3,1,0,0,5,0,4,2,3,7,7,0,2,1,4,2,5,4
42,0,5,0,4,0,5,1,0,1,2,0,3,2,2,7,7,0,2,1,4,2,5,5
43,1,5,3,8,1,6,1,0,1,7,0,3,2,2,7,7,0,2,1,4,3,4,1
44,0,5,2,9,1,0,1,0,0,10,0,2,2,2,7,7,0,2,1,4,2,2,3
45,0,5,3,8,1,0,1,0,0,5,0,2,2,2,7,7,0,2,1,4,3,2,1
46,0,5,3,9,1,3,1,0,0,4,0,2,2,2,7,7,0,2,1,4,2,3,3
47,0,5,2,8,1,3,1,0,0,10,0,2,2,2,7,7,0,2,1,4,3,2,3
48,0,5,3,9,1,3,1,0,0,5,0,4,2,3,7,7,0,2,1,4,3,3,4
49,0,2,3,9,1,3,1,0,0,10,0,4,2,3,7,7,0,2,1,4,2,3,4
50,0,5,3,4,1,0,1,0,0,10,0,4,2,3,7,7,0,2,1,4,2,3,1
51,0,5,2,8,1,3,1,0,0,4,0,2,2,2,7,7,0,2,1,4,2,3,1
52,0,0,2,8,1,3,1,0,0,4,0,2,2,2,7,7,0,2,1,4,3,2,3
53,1,5,3,4,1,6,1,0,1,4,0,3,2,2,7,7,0,2,1,4,3,4,5
54,1,5,2,8,1,6,1,0,1,4,0,3,2,2,7,7,0,2,1,4,2,4,5
55,0,0,3,9,1,0,1,0,0,10,0,2,2,2,7,7,0,2,1,4,2,3,3
56,0,2,0,3,0,5,1,1,0,5,1,3,2,2,7,7,0,2,1,0,3,0,1
57,0,0,2,8,1,0,1,0,0,10,0,2,2,2,7,7,0,2,1,4,3,2,1
58,0,5,2,9,1,3,1,0,0,4,0,2,2,2,7,7,0,2,1,4,2,2,1
59,0,5,3,4,1,0,1,0,0,7,0,4,2,3,7,7,0,2,1,4,2,5,4
60,0,4,0,3,0,5,1,0,1,4,0,3,2,2,7,7,0,2,1,4,3,4,5
61,0,0,3,9,1,0,1,0,0,4,0,2,2,2,7,7,0,2,1,4,3,3,3
62,0,0,2,9,1,3,1,0,0,2,0,2,2,2,7,7,0,2,1,4,3,3,3
63,0,0,3,9,1,3,1,0,0,2,0,2,2,2,7,7,0,2,1,4,3,2,3
64,0,0,3,8,1,3,1,0,0,5,0,2,2,2,7,7,0,2,1,4,3,3,1
65,0,2,2,4,0,5,1,1,0,4,1,3,2,2,7,7,0,2,1,0,2,0,1
66,0,5,2,8,1,3,1,0,0,5,0,2,2,2,7,7,0,2,1,4,2,3,1
67,0,2,3,9,1,0,1,0,0,10,0,4,2,3,7,7,0,2,1,4,3,3,1
68,0,5,3,9,1,0,1,0,0,10,0,2,2,2,7,7,0,2,1,4,2,2,1
69,0,5,0,3,0,5,1,0,1,7,0,3,2,2,7,7,0,2,1,4,3,4,5
70,0,2,0,9,1,3,1,1,1,7,1,1,2,2,7,7,0,2,1,4,3,4,0
71,0,0,3,8,1,3,1,0,0,2,0,2,2,2,7,7,0,2,1,4,3,3,3
72,0,2,0,9,1,3,1,1,1,10,1,1,2,2,7,7,0,2,1,4,3,4,0
73,0,5,3,4,1,0,1,0,0,7,0,4,2,3,7,7,0,2,1,4,2,3,4
74,0,0,2,9,1,0,1,0,0,4,0,2,2,2,7,7,0,2,1,4,2,3,1
75,0,2,2,9,1,3,1,1,1,7,1,1,2,2,7,7,0,2,1,4,3,4,0
76,0,5,2,8,1,3,1,1,1,5,1,1,2,2,7,7,0,2,1,4,6,4,0
77,0,2,3,4,1,3,1,0,0,7,0,4,2,3,7,7,0,2,1,4,3,5,4
78,1,5,3,4,1,6,1,0,1,10,0,3,2,2,7,7,0,2,1,4,3,4,5
79,0,2,3,4,1,0,1,0,0,5,0,4,2,3,7,7,0,2,1,4,3,5,1
80,0,5,2,4,0,5,1,1,0,4,1,3,0,2,7,7,0,2,1,0,3,3,1
81,1,5,3,8,1,6,1,0,1,10,0,3,2,2,7,7,0,2,1,4,2,3,1
82,0,2,0,3,0,5,1,0,1,5,0,3,2,2,7,7,0,2,1,4,3,5,5
83,0,5,0,3,0,5,1,1,0,5,1,3,2,2,7,7,0,2,1,0,3,3,1
84,0,5,3,9,1,3,1,0,0,10,0,4,2,3,7,7,0,2,1,4,2,3,1
85,0,5,2,4,0,5,1,1,0,4,1,3,2,2,7,7,0,2,1,0,2,3,1
86,0,0,2,8,1,0,1,0,0,10,0,2,2,2,7,7,0,2,1,4,2,3,1
87,0,5,2,8,1,3,1,0,0,5,0,2,2,2,7,7,0,2,1,4,3,3,1
88,0,2,3,4,1,3,1,0,0,10,0,4,2,3,7,7,0,2,1,4,2,5,1
89,0,4,0,4,0,5,1,0,1,5,0,3,2,2,7,7,0,2,1,4,3,4,5
90,0,5,0,4,0,5,1,0,1,5,0,3,2,2,7,7,0,2,1,4,3,5,5
91,0,0,2,8,1,3,1,0,0,4,0,2,2,2,7,7,0,2,1,4,2,3,1
92,0,5,3,9,1,0,1,0,0,2,0,2,2,2,7,7,0,2,1,4,2,3,1
93,0,5,3,9,1,3,1,0,0,2,0,2,2,2,7,7,0,2,1,4,2,2,3
94,0,5,2,4,0,5,1,1,0,5,1,3,2,2,7,7,0,2,1,0,3,0,1
95,0,5,2,8,1,0,1,0,0,2,0,2,2,2,7,7,0,2,1,4,3,3,1
96,0,2,3,4,1,3,1,0,0,7,0,4,2,3,7,7,0,2,1,4,3,3,1
97,0,5,2,9,1,0,1,0,0,5,0,2,2,2,7,7,0,2,1,4,2,2,1
98,0,0,2,8,1,0,1,0,0,2,0,2,2,2,7,7,0,2,1,4,3,3,1
99,0,5,3,8,1,0,1,0,0,2,0,2,2,2,7,7,0,2,1,4,2,3,1
100,0,5,0,4,0,5,1,1,0,7,1,3,0,2,7,7,0,2,1,0,2,3,1
101,0,0,2,9,1,3,1,0,0,5,0,2,2,2,7,7,0,2,1,4,2,2,1
102,0,2,3,9,1,3,1,0,0,10,0,4,2,3,7,7,0,2,1,4,3,3,1
103,0,5,3,9,1,0,1,0,0,5,0,4,2,3,7,7,0,2,1,4,2,5,4
104,0,0,3,8,1,3,1,0,0,2,0,2,2,2,7,7,0,2,1,4,3,2,1
105,0,5,3,9,1,0,1,0,0,5,0,2,2,2,7,7,0,2,1,4,2,2,3
106,0,5,3,9,1,0,1,0,0,10,0,4,2,3,7,7,0,2,1,4,3,5,1
107,0,0,3,8,1,3,1,0,0,5,0,2,2,2,7,7,0,2,1,4,2,3,3
108,0,0,3,8,1,0,1,0,0,2,0,2,2,2,7,7,0,2,1,4,3,3,3
109,0,5,2,9,1,0,1,0,0,4,0,2,2,2,7,7,0,2,1,4,2,2,3
110,0,5,2,9,1,3,1,0,0,10,0,2,2,2,7,7,0,2,1,4,2,2,1
111,0,4,0,3,0,5,1,0,1,2,0,3,2,2,7,7,0,2,1,4,2,5,5
112,0,5,0,8,1,0,1,1,1,10,1,1,2,2,7,7,0,2,1,4,6,4,0
113,0,5,2,9,1,0,1,0,0,5,0,2,2,2,7,7,0,2,1,4,2,2,3
114,1,5,3,8,1,6,1,0,1,5,0,3,2,2,7,7,0,2,1,4,3,4,5
115,0,5,3,9,1,3,1,0,0,7,0,4,2,3,7,7,0,2,1,4,3,3,1
116,0,4,0,3,0,5,1,0,1,7,0,3,2,2,7,7,0,2,1,4,3,5,5
117,0,5,3,9,1,3,1,0,0,10,0,4,2,3,7,7,0,2,1,4,2,5,1
118,0,5,2,9,1,3,1,1,1,7,1,1,2,2,7,7,0,2,1,4,6,4,0
119,0,4,0,4,0,5,1,0,1,4,0,3,2,2,7,7,0,2,1,4,3,5,5
120,1,5,2,8,1,6,1,0,1,4,0,3,2,2,7,7,0,2,1,4,2,4,1
121,0,5,3,8,1,0,1,0,0,2,0,2,2,2,7,7,0,2,1,4,3,2,3
122,1,2,3,4,1,6,1,0,1,7,0,3,2,2,7,7,0,2,1,4,2,4,1
123,0,2,2,3,0,5,1,1,0,4,1,3,2,2,7,7,0,2,1,0,3,0,1
124,0,5,2,9,1,3,1,0,0,2,0,2,2,2,7,7,0,2,1,4,3,3,3
125,0,5,2,8,0,5,1,1,0,5,1,3,2,0,7,7,0,2,1,0,2,3,1
126,0,0,2,9,1,0,1,0,0,10,0,2,2,2,7,7,0,2,1,4,3,2,1
127,0,2,0,3,0,5,1,1,0,3,1,3,2,2,7,7,0,2,1,0,3,0,1
128,0,5,2,8,1,3,1,0,0,5,0,2,2,2,7,7,0,2,1,4,2,2,1
129,0,0,2,8,1,3,1,0,0,5,0,2,2,2,7,7,0,2,1,4,3,3,3
130,0,0,2,8,1,3,1,0,0,10,0,2,2,2,7,7,0,2,1,4,3,3,1
131,0,0,3,8,1,3,1,0,0,10,0,2,2,2,7,7,0,2,1,4,3,3,3
132,0,2,2,8,1,3,1,1,1,10,1,1,2,2,7,7,0,2,1,4,6,4,0
133,0,5,3,9,1,3,1,0,0,2,0,2,2,2,7,7,0,2,1,4,2,3,3
134,0,2,2,8,1,0,1,1,1,7,1,1,2,2,7,7,0,2,1,4,3,4,0
135,1,5,3,8,1,6,1,0,1,10,0,3,2,2,7,7,0,2,1,4,3,4,5
136,0,2,0,8,1,3,1,1,1,10,1,1,2,2,7,7,0,2,1,4,3,4,0
137,0,5,3,9,1,0,1,0,0,5,0,2,2,2,7,7,0,2,1,4,3,3,1
138,1,5,2,4,1,6,1,0,1,7,0,3,2,2,7,7,0,2,1,4,3,4,1
139,0,0,2,9,1,3,1,0,0,10,0,2,2,2,7,7,0,2,1,4,3,2,1
140,0,5,3,4,1,0,1,0,0,10,0,4,2,3,7,7,0,2,1,4,2,5,4
141,0,0,3,9,1,3,1,0,0,2,0,2,2,2,7,7,0,2,1,4,2,2,3
142,0,4,0,4,0,5,1,0,1,4,0,3,2,2,7,7,0,2,1,4,3,4,5
143,0,2,3,4,1,0,1,0,0,10,0,4,2,3,7,7,0,2,1,4,2,5,4
144,0,5,3,9,1,0,1,0,0,4,0,2,2,2,7,7,0,2,1,4,2,2,1
145,0,5,0,3,0,5,1,1,0,4,1,3,0,0,7,7,0,2,1,0,2,3,1
146,0,2,0,8,0,5,1,1,0,4,1,3,2,0,7,7,0,2,1,0,3,0,1
147,0,5,3,9,1,3,1,0,0,10,0,2,2,2,7,7,0,2,1,4,3,2,3
148,0,0,2,9,1,3,1,0,0,4,0,2,2,2,7,7,0,2,1,4,2,2,1
149,0,0,3,8,1,0,1,0,0,2,0,2,2,2,7,7,0,2,1,4,2,2,3
150,0,5,3,8,1,0,1,0,0,10,0,2,2,2,7,7,0,2,1,4,3,3,1
151,0,5,2,4,0,5,1,1,0,7,1,3,0,2,7,7,0,2,1,0,3,0,1
152,0,5,3,8,1,3,1,0,0,2,0,2,2,2,7,7,0,2,1,4,3,3,1
153,0,4,0,4,0,5,1,0,1,4,0,3,2,2,7,7,0,2,1,4,2,4,5
154,0,5,2,8,1,0,1,1,1,10,1,1,2,2,7,7,0,2,1,4,6,4,0
155,0,5,3,4,1,3,1,0,0,10,0,4,2,3,7,7,0,2,1,4,2,3,1
156,0,0,3,9,1,0,1,0,0,4,0,2,2,2,7,7,0,2,1,4,3,2,1
157,0,5,3,8,1,0,1,0,0,4,0,2,2,2,7,7,0,2,1,4,3,2,1
158,0,0,3,8,1,0,1,0,0,5,0,2,2,2,7,7,0,2,1,4,2,3,3
159,0,0,2,9,1,0,1,0,0,2,0,2,2,2,7,7,0,2,1,4,2,3,1
160,0,0,2,9,1,3,1,0,0,2,0,2,2,2,7,7,0,2,1,4,2,3,3
161,0,0,3,9,1,0,1,0,0,5,0,2,2,2,7,7,0,2,1,4,2,2,1
162,0,5,0,4,0,5,1,0,1,4,0,3,2,2,7,7,0,2,1,4,3,5,5
163,0,2,3,4,1,3,1,0,0,5,0,4,2,3,7,7,0,2,1,4,3,5,1
164,0,5,3,8,1,0,1,0,0,4,0,2,2,2,7,7,0,2,1,4,3,3,1
165,0,2,3,9,1,3,1,0,0,10,0,4,2,3,7,7,0,2,1,4,3,5,4
166,0,0,2,8,1,0,1,0,0,10,0,2,2,2,7,7,0,2,1,4,3,3,1
167,0,0,2,8,1,0,1,0,0,10,0,2,2,2,7,7,0,2,1,4,2,3,3
168,0,5,3,4,1,3,1,0,0,10,0,4,2,3,7,7,0,2,1,4,2,5,1
169,0,0,2,8,1,0,1,0,0,4,0,2,2,2,7,7,0,2,1,4,2,3,1
170,0,5,0,3,0,5,1,0,1,2,0,3,2,2,7,7,0,2,1,4,3,5,5
171,0,0,2,9,1,3,1,0,0,4,0,2,2,2,7,7,0,2,1,4,3,3,1
172,0,5,0,9,1,3,1,1,1,5,1,1,2,2,7,7,0,2,1,4,6,4,0
173,0,0,3,9,1,0,1,0,0,10,0,2,2,2,7,7,0,2,1,4,2,3,1
174,0,2,3,9,1,3,1,0,0,7,0,4,2,3,7,7,0,2,1,4,3,3,1
175,0,0,3,8,1,3,1,0,0,10,0,2,2,2,7,7,0,2,1,4,2,2,3
176,0,0,3,8,1,0,1,0,0,4,0,2,2,2,7,7,0,2,1,4,2,2,3
177,0,0,3,9,1,0,1,0,0,2,0,2,2,2,7,7,0,2,1,4,3,3,1
178,0,5,3,9,1,3,1,0,0,2,0,2,2,2,7,7,0,2,1,4,3,2,3
179,0,0,2,9,1,3,1,0,0,2,0,2,2,2,7,7,0,2,1,4,3,2,1
180,1,5,3,8,1,6,1,0,1,7,0,3,2,2,7,7,0,2,1,4,3,4,5
181,0,4,0,4,0,5,1,0,1,2,0,3,2,2,7,7,0,2,1,4,3,5,5
182,0,2,0,4,0,5,1,0,1,2,0,3,2,2,7,7,0,2,1,4,2,4,5
183,0,5,2,9,1,0,1,0,0,2,0,2,2,2,7,7,0,2,1,4,3,3,3
184,0,2,3,4,1,0,1,0,0,7,0,4,2,3,7,7,0,2,1,4,2,3,4
185,1,5,3,8,1,6,1,0,1,4,0,3,2,2,7,7,0,2,1,4,2,3,1
186,0,0,2,8,1,3,1,0,0,2,0,2,2,2,7,7,0,2,1,4,3,3,3
187,0,2,0,3,0,5,1,0,1,7,0,3,2,2,7,7,0,2,1,4,2,4,5
188,0,0,3,9,1,3,1,0,0,2,0,2,2,2,7,7,0,2,1,4,3,2,1
189,0,5,3,4,1,0,1,0,0,10,0,4,2,3,7,7,0,2,1,4,3,5,4
190,0,5,0,8,0,5,1,1,0,7,1,3,2,0,7,7,0,2,1,0,2,3,1
191,0,5,2,8,1,3,1,1,1,10,1,1,2,2,7,7,0,2,1,4,3,4,0
192,0,0,2,8,1,3,1,0,0,10,0,2,2,2,7,7,0,2,1,4,3,3,3
193,0,2,2,9,1,0,1,1,1,10,1,1,2,2,7,7,0,2,1,4,3,4,0
194,0,5,2,9,1,0,1,0,0,4,0,2,2,2,7,7,0,2,1,4,3,2,3
195,0,2,0,3,0,5,1,0,1,2,0,3,2,2,7,7,0,2,1,4,3,5,5
196,0,0,2,9,1,0,1,0,0,5,0,2,2,2,7,7,0,2,1,4,2,3,1
197,0,5,2,8,1,3,1,0,0,2,0,2,2,2,7,7,0,2,1,4,3,2,3
198,0,5,3,8,1,3,1,0,0,5,0,2,2,2,7,7,0,2,1,4,3,3,3
199,0,2,2,8,1,0,1,1,1,5,1,1,2,2,7,7,0,2,1,4,3,4,0
200,0,5,3,9,1,3,1,0,0,10,0,2,2,2,7,7,0,2,1,4,3,3,1
201,0,0,2,8,1,3,1,0,0,10,0,2,2,2,7,7,0,2,1,4,2,3,1
202,0,5,2,8,1,0,1,0,0,2,0,2,2,2,7,7,0,2,1,4,2,2,1
203,0,5,0,8,0,5,1,1,0,3,1,3,0,2,7,7,0,2,1,0,2,3,1
204,0,2,3,4,1,3,1,0,0,5,0,4,2,3,7,7,0,2,1,4,2,5,4
205,1,5,2,8,1,6,1,0,1,4,0,3,2,2,7,7,0,2,1,4,3,4,5
206,0,0,2,8,1,0,1,0,0,5,0,2,2,2,7,7,0,2,1,4,3,2,1
207,0,0,2,8,1,0,1,0,0,4,0,2,2,2,7,7,0,2,1,4,2,3,3
208,0,0,3,8,1,3,1,0,0,5,0,2,2,2,7,7,0,2,1,4,3,2,1
209,0,0,3,8,1,0,1,0,0,10,0,2,2,2,7,7,0,2,1,4,2,2,1
210,0,5,2,9,1,0,1,0,0,10,0,2,2,2,7,7,0,2,1,4,2,3,1
211,0,0,2,8,1,3,1,0,0,10,0,2,2,2,7,7,0,2,1,4,2,2,3
212,0,5,0,9,1,0,1,1,1,5,1,1,2,2,7,7,0,2,1,4,3,4,0
213,0,5,0,3,0,5,1,0,1,5,0,3,2,2,7,7,0,2,1,4,3,5,5
214,0,2,3,9,1,0,1,0,0,5,0,4,2,3,7,7,0,2,1,4,3,3,1
215,0,0,2,8,1,3,1,0,0,5,0,2,2,2,7,7,0,2,1,4,2,2,3
216,0,5,2,9,1,0,1,0,0,2,0,2,2,2,7,7,0,2,1,4,2,3,1
217,0,5,3,9,1,0,1,0,0,4,0,2,2,2,7,7,0,2,1,4,2,3,1
218,0,5,3,8,1,3,1,0,0,10,0,2,2,2,7,7,0,2,1,4,3,3,1
219,0,4,0,3,0,5,1,0,1,7,0,3,2,2,7,7,0,2,1,4,3,4,5
220,0,5,2,8,1,0,1,0,0,5,0,2,2,2,7,7,0,2,1,4,3,2,3
221,1,5,2,8,1,6,1,0,1,4,0,3,2,2,7,7,0,2,1,4,2,3,1
222,0,5,3,9,1,0,1,0,0,5,0,4,2,3,7,7,0,2,1,4,3,3,1
223,0,2,0,8,1,0,1,1,1,7,1,1,2,2,7,7,0,2,1,4,3,4,0
224,0,5,3,8,1,3,1,0,0,2,0,2,2,2,7,7,0,2,1,4,2,2,3
225,0,0,3,8,1,3,1,0,0,5,0,2,2,2,7,7,0,2,1,4,2,3,1
226,0,5,2,8,1,0,1,0,0,2,0,2,2,2,7,7,0,2,1,4,3,2,1
227,0,5,2,9,1,0,1,0,0,2,0,2,2,2,7,7,0,2,1,4,3,3,1
228,1,5,3,4,1,6,1,0,1,7,0,3,2,2,7,7,0,2,1,4,2,4,5
229,0,0,2,9,1,0,1,0,0,5,0,2,2,2,7,7,0,2,1,4,3,2,1
230,0,5,0,3,0,5,1,0,1,5,0,3,2,2,7,7,0,2,1,4,2,5,5
231,1,5,3,8,1,6,1,0,1,4,0,3,2,2,7,7,0,2,1,4,2,3,5
232,0,5,3,9,1,3,1,0,0,5,0,4,2,3,7,7,0,2,1,4,3,5,4
233,0,2,0,4,0,5,1,0,1,4,0,3,2,2,7,7,0,2,1,4,2,4,5
234,0,0,2,8,1,3,1,0,0,4,0,2,2,2,7,7,0,2,1,4,3,2,1
235,0,5,0,8,1,3,1,1,1,10,1,1,2,2,7,7,0,2,1,4,3,4,0
236,0,5,3,8,1,3,1,0,0,10,0,2,2,2,7,7,0,2,1,4,2,3,1
237,0,0,3,9,1,3,1,0,0,5,0,2,2,2,7,7,0,2,1,4,3,3,1
238,0,5,3,9,1,3,1,0,0,5,0,4,2,3,7,7,0,2,1,4,2,3,1
239,0,2,3,9,1,0,1,0,0,7,0,4,2,3,7,7,0,2,1,4,2,3,4
240,0,2,3,9,1,0,1,0,0,10,0,4,2,3,7,7,0,2,1,4,2,5,4
241,0,5,2,8,1,3,1,0,0,10,0,2,2,2,7,7,0,2,1,4,2,3,1
242,0,5,2,8,1,0,1,0,0,10,0,2,2,2,7,7,0,2,1,4,3,2,3
243,1,5,2,8,1,6,1,0,1,5,0,3,2,2,7,7,0,2,1,4,2,4,5
244,0,2,0,8,1,0,1,1,1,7,1,1,2,2,7,7,0,2,1,4,6,4,0
245,0,5,2,8,1,3,1,0,0,10,0,2,2,2,7,7,0,2,1,4,3,3,1
246,0,5,2,8,1,3,1,1,1,7,1,1,2,2,7,7,0,2,1,4,6,4,0
247,0,5,3,8,1,0,1,0,0,5,0,2,2,2,7,7,0,2,1,4,2,3,3
248,0,2,3,9,1,3,1,0,0,10,0,4,2,3,7,7,0,2,1,4,2,5,4
249,0,5,2,4,0,5,1,1,0,7,1,3,0,2,7,7,0,2,1,0,2,3,1
250,0,2,3,9,1,0,1,0,0,10,0,4,2,3,7,7,0,2,1,4,3,5,1
251,1,5,2,4,1,6,1,0,1,7,0,3,2,2,7,7,0,2,1,4,3,3,1
252,0,4,0,4,0,5,1,0,1,2,0,3,2,2,7,7,0,2,1,4,3,4,5
253,0,0,3,9,1,3,1,0,0,10,0,2,2,2,7,7,0,2,1,4,3,3,3
254,0,0,2,8,1,3,1,0,0,5,0,2,2,2,7,7,0,2,1,4,3,3,1
255,0,0,3,8,1,3,1,0,0,4,0,2,2,2,7,7,0,2,1,4,3,2,3
256,0,2,0,4,0,5,1,0,1,4,0,3,2,2,7,7,0,2,1,4,3,4,5
257,0,5,2,8,1,0,1,0,0,10,0,2,2,2,7,7,0,2,1,4,2,2,3
258,0,0,3,8,1,3,1,0,0,2,0,2,2,2,7,7,0,2,1,4,2,2,1
259,0,0,3,8,1,0,1,0,0,2,0,2,2,2,7,7,0,2,1,4,3,2,3
260,0,2,3,4,1,3,1,0,0,10,0,4,2,3,7,7,0,2,1,4,3,3,1
261,1,5,3,8,1,6,1,0,1,4,0,3,2,2,7,7,0,2,1,4,2,4,1
262,0,5,2,8,1,0,1,0,0,5,0,2,2,2,7,7,0,2,1,4,3,2,1
263,0,5,3,8,1,0,1,0,0,5,0,2,2,2,7,7,0,2,1,4,3,3,3
264,0,2,0,8,1,3,1,1,1,10,1,1,2,2,7,7,0,2,1,4,6,4,0
265,0,2,0,3,0,5,1,0,1,2,0,3,2,2,7,7,0,2,1,4,2,4,5
266,0,2,2,3,0,5,1,1,0,7,1,3,2,2,7,7,0,2,1,0,2,0,1
267,0,5,3,9,1,0,1,0,0,2,0,2,2,2,7,7,0,2,1,4,3,3,3
268,0,0,2,8,1,0,1,0,0,4,0,2,2,2,7,7,0,2,1,4,3,3,3
269,1,2,3,4,1,6,1,0,1,10,0,3,2,2,7,7,0,2,1,4,2,3,5
270,0,5,2,8,1,3,1,0,0,5,0,2,2,2,7,7,0,2,1,4,2,2,3
271,1,2,2,4,1,6,1,0,1,10,0,3,2,2,7,7,0,2,1,4,2,4,5
272,0,5,3,8,1,3,1,0,0,4,0,2,2,2,7,7,0,2,1,4,3,3,1
273,0,5,3,9,1,0,1,0,0,4,0,2,2,2,7,7,0,2,1,4,3,2,3
274,0,2,3,9,1,0,1,0,0,5,0,4,2,3,7,7,0,2,1,4,3,3,4
275,0,5,3,4,1,0,1,0,0,10,0,4,2,3,7,7,0,2,1,4,3,3,4
276,0,2,3,4,1,0,1,0,0,10,0,4,2,3,7,7,0,2,1,4,3,5,1
277,0,5,3,8,1,0,1,0,0,10,0,2,2,2,7,7,0,2,1,4,3,2,3
278,0,2,0,4,0,5,1,1,0,3,1,3,2,2,7,7,0,2,1,0,2,3,1
279,0,5,2,9,1,3,1,0,0,4,0,2,2,2,7,7,0,2,1,4,3,2,3
280,1,5,3,8,1,6,1,0,1,10,0,3,2,2,7,7,0,2,1,4,3,3,1
281,0,0,3,9,1,0,1,0,0,5,0,2,2,2,7,7,0,2,1,4,3,2,3
282,0,4,0,4,0,5,1,0,1,7,0,3,2,2,7,7,0,2,1,4,3,4,5
283,0,5,2,9,1,3,1,0,0,4,0,2,2,2,7,7,0,2,1,4,2,3,3
284,0,0,3,8,1,3,1,0,0,5,0,2,2,2,7,7,0,2,1,4,2,2,3
285,0,2,3,4,1,0,1,0,0,5,0,4,2,3,7,7,0,2,1,4,2,3,1
286,0,0,3,9,1,0,1,0,0,2,0,2,2,2,7,7,0,2,1,4,2,3,3
287,0,0,3,8,1,0,1,0,0,2,0,2,2,2,7,7,0,2,1,4,2,3,1
288,0,5,3,4,1,3,1,0,0,5,0,4,2,3,7,7,0,2,1,4,3,5,4
289,0,2,0,3,0,5,1,0,1,7,0,3,2,2,7,7,0,2,1,4,3,5,5
290,0,5,0,3,0,5,1,0,1,2,0,3,2,2,7,7,0,2,1,4,2,5,5
291,0,0,3,9,1,3,1,0,0,5,0,2,2,2,7,7,0,2,1,4,2,3,1
292,0,5,2,9,1,3,1,0,0,5,0,2,2,2,7,7,0,2,1,4,2,3,3
293,0,0,3,8,1,3,1,0,0,4,0,2,2,2,7,7,0,2,1,4,3,3,1
294,0,5,2,8,1,0,1,0,0,2,0,2,2,2,7,7,0,2,1,4,2,3,3
295,0,0,2,9,1,0,1,0,0,2,0,2,2,2,7,7,0,2,1,4,3,2,3
296,0,5,2,9,1,0,1,0,0,4,0,2,2,2,7,7,0,2,1,4,2,3,3
297,0,5,0,3,0,5,1,1,0,7,1,3,0,0,7,7,0,2,1,0,2,3,1
298,0,2,2,9,1,0,1,1,1,7,1,1,2,2,7,7,0,2,1,4,3,4,0
299,1,5,3,8,1,6,1,0,1,7,0,3,2,2,7,7,0,2,1,4,2,3,1
300,0,5,0,8,0,5,1,1,0,4,1,3,0,2,7,7,0,2,1,0,2,0,1
301,0,0,3,8,1,0,1,0,0,10,0,2,2,2,7,7,0,2,1,4,2,3,1
302,0,5,2,9,1,3,1,1,1,10,1,1,2,2,7,7,0,2,1,4,3,4,0
303,0,0,3,8,1,0,1,0,0,5,0,2,2,2,7,7,0,2,1,4,2,3,1
304,0,5,3,8,1,3,1,0,0,2,0,2,2,2,7,7,0,2,1,4,2,3,1
305,0,5,0,4,1,5,1,0,0,7,1,1,2,2,3,6,0,2,1,4,3,5,0
306,0,0,3,8,1,3,1,0,0,4,0,2,2,2,7,7,0,2,1,4,3,3,3
307,0,5,2,9,1,3,1,0,0,2,0,2,2,2,7,7,0,2,1,4,3,2,3
308,0,2,3,4,1,0,1,0,0,7,0,4,2,3,7,7,0,2,1,4,2,5,1
309,0,5,0,8,0,5,1,1,0,5,1,3,2,2,7,7,0,2,1,0,3,3,1
310,0,5,2,9,1,3,1,0,0,10,0,2,2,2,7,7,0,2,1,4,2,3,1
311,1,5,3,8,1,6,1,0,1,5,0,3,2,2,7,7,0,2,1,4,3,4,1
312,0,5,3,9,1,3,1,0,0,5,0,2,2,2,7,7,0,2,1,4,2,3,1
313,0,5,0,8,1,0,1,1,1,7,1,1,2,2,7,7,0,2,1,4,3,4,0
314,0,0,2,9,1,0,1,0,0,2,0,2,2,2,7,7,0,2,1,4,3,2,1
315,1,5,3,8,1,6,1,0,1,4,0,3,2,2,7,7,0,2,1,4,2,4,5
316,0,5,2,9,1,0,1,1,1,10,1,1,2,2,7,7,0,2,1,4,3,4,0
317,0,5,3,8,1,0,1,0,0,4,0,2,2,2,7,7,0,2,1,4,2,2,3
318,0,5,0,8,1,3,1,1,1,5,1,1,2,2,7,7,0,2,1,4,3,4,0
319,0,2,2,8,1,3,1,1,1,10,1,1,2,2,7,7,0,2,1,4,3,4,0
320,0,5,3,9,1,3,1,0,0,4,0,2,2,2,7,7,0,2,1,4,3,3,3
321,0,2,0,9,1,0,1,1,1,10,1,1,2,2,7,7,0,2,1,4,6,4,0
322,0,5,2,8,1,0,1,0,0,10,0,2,2,2,7,7,0,2,1,4,2,3,1
323,0,0,3,9,1,0,1,0,0,5,0,2,2,2,7,7,0,2,1,4,2,3,3
324,0,5,3,4,1,3,1,0,0,7,0,4,2,3,7,7,0,2,1,4,3,3,4
325,0,0,3,8,1,3,1,0,0,4,0,2,2,2,7,7,0,2,1,4,2,2,1
326,0,5,2,9,1,0,1,0,0,5,0,2,2,2,7,7,0,2,1,4,3,3,3
327,1,5,3,4,1,6,1,0,1,5,0,3,2,2,7,7,0,2,1,4,3,4,5
328,0,0,2,9,1,3,1,0,0,10,0,2,2,2,7,7,0,2,1,4,2,2,1
329,0,0,3,8,1,0,1,0,0,2,0,2,2,2,7,7,0,2,1,4,2,2,1
330,1,5,3,4,1,6,1,0,1,10,0,3,2,2,7,7,0,2,1,4,2,4,5
331,0,0,2,8,1,3,1,0,0,5,0,2,2,2,7,7,0,2,1,4,2,3,3
332,0,0,3,9,1,3,1,0,0,10,0,2,2,2,7,7,0,2,1,4,3,2,3
333,0,0,3,9,1,0,1,0,0,5,0,2,2,2,7,7,0,2,1,4,2,3,1
334,0,5,3,8,1,3,1,0,0,2,0,2,2,2,7,7,0,2,1,4,3,2,1
335,0,5,0,4,1,5,1,0,0,7,1,1,2,2,6,7,0,2,1,4,2,5,0
336,0,5,3,4,1,0,1,0,0,10,0,4,2,3,7,7,0,2,1,4,2,5,1
337,0,0,2,9,1,3,1,0,0,5,0,2,2,2,7,7,0,2,1,4,3,3,1
338,0,5,0,3,0,5,1,0,1,2,0,3,2,2,7,7,0,2,1,4,3,4,5
339,0,5,3,4,1,3,1,0,0,5,0,4,2,3,7,7,0,2,1,4,2,5,1
340,0,5,2,8,1,0,1,0,0,4,0,2,2,2,7,7,0,2,1,4,3,3,1
341,0,0,3,8,1,0,1,0,0,5,0,2,2,2,7,7,0,2,1,4,2,2,1
342,0,5,2,9,1,0,1,0,0,2,0,2,2,2,7,7,0,2,1,4,2,3,3
343,0,2,0,9,1,0,1,1,1,7,1,1,2,2,7,7,0,2,1,4,3,4,0
344,0,0,3,9,1,3,1,0,0,2,0,2,2,2,7,7,0,2,1,4,3,3,1
345,0,5,0,4,0,5,1,1,0,5,1,3,2,0,7,7,0,2,1,0,3,0,1
346,0,5,0,9,1,3,1,1,1,5,1,1,2,2,7,7,0,2,1,4,3,4,0
347,0,5,2,9,1,0,1,0,0,5,0,2,2,2,7,7,0,2,1,4,3,2,3
348,0,2,2,3,0,5,1,1,0,5,1,3,2,0,7,7,0,2,1,0,2,3,1
349,0,5,0,4,0,5,1,0,1,2,0,3,2,2,7,7,0,2,1,4,3,5,5
350,0,2,2,3,0,5,1,1,0,3,1,3,0,0,7,7,0,2,1,0,3,0,1
351,0,2,3,4,1,0,1,0,0,7,0,4,2,3,7,7,0,2,1,4,3,3,4
352,0,0,3,8,1,0,1,0,0,4,0,2,2,2,7,7,0,2,1,4,3,3,1
353,0,0,2,9,1,0,1,0,0,4,0,2,2,2,7,7,0,2,1,4,2,3,3
354,0,5,3,9,1,3,1,0,0,10,0,4,2,3,7,7,0,2,1,4,2,3,4
355,0,4,0,3,0,5,1,0,1,2,0,3,2,2,7,7,0,2,1,4,3,4,5
356,0,2,3,4,1,0,1,0,0,7,0,4,2,3,7,7,0,2,1,4,3,5,4
357,1,5,3,4,1,6,1,0,1,4,0,3,2,2,7,7,0,2,1,4,2,3,5
358,0,5,3,9,1,0,1,0,0,7,0,4,2,3,7,7,0,2,1,4,3,5,4
359,0,5,3,9,1,0,1,0,0,10,0,2,2,2,7,7,0,2,1,4,3,3,1
360,0,5,0,4,0,5,1,1,0,3,1,3,2,0,7,7,0,2,1,0,3,3,1
361,0,5,0,4,0,5,1,1,0,7,1,3,0,0,7,7,0,2,1,0,2,0,1
362,0,2,2,4,0,5,1,1,0,4,1,3,0,2,7,7,0,2,1,0,2,0,1
363,0,2,3,4,1,0,1,0,0,5,0,4,2,3,7,7,0,2,1,4,3,3,4
364,0,5,2,9,1,0,1,0,0,10,0,2,2,2,7,7,0,2,1,4,2,2,1
365,0,2,0,4,0,5,1,0,1,7,0,3,2,2,7,7,0,2,1,4,2,4,5
366,0,5,3,9,1,0,1,0,0,10,0,4,2,3,7,7,0,2,1,4,3,3,4
367,0,5,0,9,1,0,1,1,1,7,1,1,2,2,7,7,0,2,1,4,6,4,0
368,0,0,3,9,1,0,1,0,0,2,0,2,2,2,7,7,0,2,1,4,3,2,1
369,0,5,0,3,0,5,1,1,0,5,1,3,2,2,7,7,0,2,1,0,2,3,1
370,0,5,3,9,1,0,1,0,0,10,0,4,2,3,7,7,0,2,1,4,3,3,1
371,0,2,3,4,1,3,1,0,0,5,0,4,2,3,7,7,0,2,1,4,2,5,1
372,0,5,2,9,1,0,1,0,0,10,0,2,2,2,7,7,0,2,1,4,2,3,3
373,0,4,0,4,0,5,1,0,1,5,0,3,2,2,7,7,0,2,1,4,3,5,5
374,0,5,2,8,1,0,1,0,0,4,0,2,2,2,7,7,0,2,1,4,2,3,3
375,0,0,2,8,1,3,1,0,0,5,0,2,2,2,7,7,0,2,1,4,2,2,1
376,0,4,0,4,0,5,1,0,1,4,0,3,2,2,7,7,0,2,1,4,2,5,5
377,0,0,3,9,1,3,1,0,0,5,0,2,2,2,7,7,0,2,1,4,3,2,3
378,0,5,3,9,1,3,1,0,0,4,0,2,2,2,7,7,0,2,1,4,3,2,1
379,0,0,3,9,1,0,1,0,0,4,0,2,2,2,7,7,0,2,1,4,3,3,1
380,1,5,3,4,1,6,1,0,1,7,0,3,2,2,7,7,0,2,1,4,2,3,5
381,0,5,2,8,0,5,1,1,0,4,1,3,0,2,7,7,0,2,1,0,3,3,1
382,0,5,3,8,1,0,1,0,0,10,0,2,2,2,7,7,0,2,1,4,2,3,3
383,0,0,2,8,1,0,1,0,0,2,0,2,2,2,7,7,0,2,1,4,3,2,1
384,0,5,0,4,1,5,1,0,0,5,1,1,2,2,3,7,0,2,1,4,3,5,0
385,1,5,2,4,1,6,1,0,1,10,0,3,2,2,7,7,0,2,1,4,3,3,5
386,0,5,3,4,1,3,1,0,0,10,0,4,2,3,7,7,0,2,1,4,2,5,4
387,0,5,2,4,0,5,1,1,0,5,1,3,2,2,7,7,0,2,1,0,2,0,1
388,0,0,3,9,1,3,1,0,0,5,0,2,2,2,7,7,0,2,1,4,2,2,3
389,0,5,2,9,1,0,1,0,0,10,0,2,2,2,7,7,0,2,1,4,3,2,3
390,0,0,2,9,1,0,1,0,0,5,0,2,2,2,7,7,0,2,1,4,3,3,3
391,0,5,2,9,1,3,1,0,0,2,0,2,2,2,7,7,0,2,1,4,2,2,3
392,0,0,3,8,1,0,1,0,0,5,0,2,2,2,7,7,0,2,1,4,3,2,1
393,0,5,0,3,0,5,1,0,1,4,0,3,2,2,7,7,0,2,1,4,3,4,5
394,0,2,3,4,1,0,1,0,0,10,0,4,2,3,7,7,0,2,1,4,2,3,1
395,0,5,0,3,0,5,1,1,0,3,1,3,0,0,7,7,0,2,1,0,3,0,1
396,0,5,2,8,1,3,1,0,0,4,0,2,2,2,7,7,0,2,1,4,3,2,3
397,0,5,3,9,1,3,1,0,0,10,0,2,2,2,7,7,0,2,1,4,3,3,3
398,0,5,0,3,0,5,1,0,1,5,0,3,2,2,7,7,0,2,1,4,2,4,5
399,1,5,2,4,1,6,1,0,1,7,0,3,2,2,7,7,0,2,1,4,3,3,5
400,0,0,3,8,1,3,1,0,0,10,0,2,2,2,7,7,0,2,1,4,3,2,1
401,0,0,3,8,1,0,1,0,0,5,0,2,2,2,7,7,0,2,1,4,2,2,3
402,1,5,3,4,1,6,1,0,1,7,0,3,2,2,7,7,0,2,1,4,3,4,5
403,0,0,2,9,1,3,1,0,0,10,0,2,2,2,7,7,0,2,1,4,3,3,3
404,0,5,2,8,1,3,1,0,0,4,0,2,2,2,7,7,0,2,1,4,3,3,3
405,0,5,3,9,1,3,1,0,0,5,0,2,2,2,7,7,0,2,1,4,2,3,3
406,0,0,3,9,1,3,1,0,0,5,0,2,2,2,7,7,0,2,1,4,3,2,1
407,0,5,2,8,1,0,1,0,0,2,0,2,2,2,7,7,0,2,1,4,3,3,3
408,0,5,2,8,1,0,1,0,0,2,0,2,2,2,7,7,0,2,1,4,2,3,1
409,0,5,3,4,1,3,1,0,0,10,0,4,2,3,7,7,0,2,1,4,3,5,4
410,0,5,2,8,1,0,1,0,0,10,0,2,2,2,7,7,0,2,1,4,3,3,3
411,0,5,2,4,0,5,1,1,0,5,1,3,0,0,7,7,0,2,1,0,2,3,1
412,0,5,3,4,1,3,1,0,0,5,0,4,2,3,7,7,0,2,1,4,3,3,4
413,0,5,3,9,1,3,1,0,0,5,0,4,2,3,7,7,0,2,1,4,2,5,1
414,1,5,3,4,1,6,1,0,1,4,0,3,2,2,7,7,0,2,1,4,2,4,1
415,0,0,3,9,1,0,1,0,0,10,0,2,2,2,7,7,0,2,1,4,3,2,1
416,0,5,0,8,1,3,1,1,1,7,1,1,2,2,7,7,0,2,1,4,6,4,0
417,1,5,2,4,1,6,1,0,1,10,0,3,2,2,7,7,0,2,1,4,2,3,5
418,0,5,3,9,1,3,1,0,0,4,0,2,2,2,7,7,0,2,1,4,2,2,1
419,0,2,0,3,0,5,1,1,0,3,1,3,0,0,7,7,0,2,1,0,3,0,1
420,0,5,3,8,1,3,1,0,0,5,0,2,2,2,7,7,0,2,1,4,2,3,1
421,0,0,3,8,1,0,1,0,0,10,0,2,2,2,7,7,0,2,1,4,3,3,3
422,1,5,3,4,1,6,1,0,1,7,0,3,2,2,7,7,0,2,1,4,3,3,5
423,0,2,3,4,1,3,1,0,0,10,0,4,2,3,7,7,0,2,1,4,2,3,1
424,0,5,2,8,1,3,1,0,0,5,0,2,2,2,7,7,0,2,1,4,3,2,3
425,0,5,2,8,1,0,1,1,1,5,1,1,2,2,7,7,0,2,1,4,3,4,0
426,0,2,3,4,1,0,1,0,0,5,0,4,2,3,7,7,0,2,1,4,3,5,4
427,0,0,2,8,1,0,1,0,0,4,0,2,2,2,7,7,0,2,1,4,3,2,3
428,0,5,2,8,0,5,1,1,0,7,1,3,0,0,7,7,0,2,1,0,2,0,1
429,0,2,0,3,0,5,1,0,1,5,0,3,2,2,7,7,0,2,1,4,3,4,5
430,0,5,3,8,1,0,1,0,0,2,0,2,2,2,7,7,0,2,1,4,3,3,1
431,0,5,3,9,1,3,1,0,0,5,0,4,2,3,7,7,0,2,1,4,3,5,1
432,0,0,2,9,1,3,1,0,0,2,0,2,2,2,7,7,0,2,1,4,3,3,1
433,0,0,2,9,1,3,1,0,0,10,0,2,2,2,7,7,0,2,1,4,2,3,1
434,0,2,2,8,1,3,1,1,1,5,1,1,2,2,7,7,0,2,1,4,3,4,0
435,0,0,2,8,1,0,1,0,0,10,0,2,2,2,7,7,0,2,1,4,2,2,3
436,0,5,0,9,1,0,1,1,1,5,1,1,2,2,7,7,0,2,1,4,6,4,0
437,0,5,3,8,1,3,1,0,0,2,0,2,2,2,7,7,0,2,1,4,3,2,3
438,0,0,3,9,1,3,1,0,0,4,0,2,2,2,7,7,0,2,1,4,3,2,3
439,0,5,3,4,1,0,1,0,0,7,0,4,2,3,7,7,0,2,1,4,3,5,4
440,0,5,3,8,1,3,1,0,0,5,0,2,2,2,7,7,0,2,1,4,2,3,3
441,0,5,3,8,1,3,1,0,0,2,0,2,2,2,7,7,0,2,1,4,2,3,3
442,0,5,3,9,1,0,1,0,0,7,0,4,2,3,7,7,0,2,1,4,2,5,4
443,0,5,3,8,1,3,1,0,0,5,0,2,2,2,7,7,0,2,1,4,2,2,3
444,0,5,2,9,1,3,1,0,0,10,0,2,2,2,7,7,0,2,1,4,2,2,3
445,0,5,3,4,1,3,1,0,0,7,0,4,2,3,7,7,0,2,1,4,2,3,1
446,0,5,2,8,1,3,1,0,0,5,0,2,2,2,7,7,0,2,1,4,3,2,1
447,0,2,3,4,1,3,1,0,0,5,0,4,2,3,7,7,0,2,1,4,2,3,1
448,0,0,2,8,1,3,1,0,0,10,0,2,2,2,7,7,0,2,1,4,2,3,3
449,0,5,0,4,1,5,1,0,0,5,1,1,2,2,3,6,0,2,1,4,3,5,0
450,0,5,3,8,1,3,1,0,0,4,0,2,2,2,7,7,0,2,1,4,3,3,3
451,0,0,2,8,1,3,1,0,0,2,0,2,2,2,7,7,0,2,1,4,2,2,1
452,0,0,2,9,1,3,1,0,0,2,0,2,2,2,7,7,0,2,1,4,2,2,3
453,0,5,0,9,1,3,1,1,1,7,1,1,2,2,7,7,0,2,1,4,3,4,0
454,0,0,2,8,1,3,1,0,0,2,0,2,2,2,7,7,0,2,1,4,3,2,3
455,0,5,2,3,0,5,1,1,0,3,1,3,2,0,7,7,0,2,1,0,2,0,1
456,0,0,2,8,1,0,1,0,0,4,0,2,2,2,7,7,0,2,1,4,3,2,1
457,0,0,2,9,1,3,1,0,0,10,0,2,2,2,7,7,0,2,1,4,2,3,3
458,0,2,3,9,1,0,1,0,0,5,0,4,2,3,7,7,0,2,1,4,2,5,4
459,0,2,3,4,1,0,1,0,0,10,0,4,2,3,7,7,0,2,1,4,3,5,4
460,0,5,2,8,1,0,1,0,0,4,0,2,2,2,7,7,0,2,1,4,3,3,3
461,0,2,3,9,1,3,1,0,0,5,0,4,2,3,7,7,0,2,1,4,3,3,1
462,0,0,2,8,1,0,1,0,0,2,0,2,2,2,7,7,0,2,1,4,2,3,1
463,0,5,3,9,1,0,1,0,0,10,0,2,2,2,7,7,0,2,1,4,3,2,3
464,0,5,0,4,0,5,1,0,1,4,0,3,2,2,7,7,0,2,1,4,2,4,5
465,0,2,3,4,1,0,1,0,0,7,0,4,2,3,7,7,0,2,1,4,3,5,1
466,0,5,2,8,1,0,1,0,0,2,0,2,2,2,7,7,0,2,1,4,2,2,3
467,0,5,2,9,1,3,1,0,0,2,0,2,2,2,7,7,0,2,1,4,2,2,1
468,0,0,3,9,1,3,1,0,0,2,0,2,2,2,7,7,0,2,1,4,2,2,1
469,0,2,3,9,1,0,1,0,0,10,0,4,2,3,7,7,0,2,1,4,3,3,4
470,0,5,3,9,1,3,1,0,0,2,0,2,2,2,7,7,0,2,1,4,2,2,1
471,0,5,3,8,1,0,1,0,0,10,0,2,2,2,7,7,0,2,1,4,2,2,3
472,0,2,0,8,1,0,1,1,1,5,1,1,2,2,7,7,0,2,1,4,6,4,0
473,0,4,0,3,0,5,1,0,1,4,0,3,2,2,7,7,0,2,1,4,2,5,5
474,0,2,2,9,1,3,1,1,1,5,1,1,2,2,7,7,0,2,1,4,3,4,0
475,0,2,0,3,0,5,1,0,1,4,0,3,2,2,7,7,0,2,1,4,2,5,5
476,0,5,0,4,0,5,1,0,1,7,0,3,2,2,7,7,0,2,1,4,3,5,5
477,0,0,3,8,1,0,1,0,0,10,0,2,2,2,7,7,0,2,1,4,3,2,1
478,0,5,2,8,1,0,1,1,1,7,1,1,2,2,7,7,0,2,1,4,3,4,0
479,0,0,3,9,1,3,1,0,0,5,0,2,2,2,7,7,0,2,1,4,2,3,3
480,0,0,3,9,1,0,1,0,0,4,0,2,2,2,7,7,0,2,1,4,2,3,3
481,0,0,3,9,1,3,1,0,0,2,0,2,2,2,7,7,0,2,1,4,2,3,1
482,0,2,2,8,1,3,1,1,1,7,1,1,2,2,7,7,0,2,1,4,6,4,0
483,0,2,0,3,0,5,1,0,1,2,0,3,2,2,7,7,0,2,1,4,2,5,5
484,0,2,2,8,1,0,1,1,1,10,1,1,2,2,7,7,0,2,1,4,3,4,0
485,0,2,3,9,1,0,1,0,0,7,0,4,2,3,7,7,0,2,1,4,2,5,1
486,0,5,3,8,1,3,1,0,0,10,0,2,2,2,7,7,0,2,1,4,3,3,3
487,0,4,0,4,0,5,1,0,1,7,0,3,2,2,7,7,0,2,1,4,3,5,5
488,0,5,3,4,1,3,1,0,0,5,0,4,2,3,7,7,0,2,1,4,2,3,4
489,0,5,3,4,1,0,1,0,0,5,0,4,2,3,7,7,0,2,1,4,2,3,4
490,0,2,0,9,1,0,1,1,1,5,1,1,2,2,7,7,0,2,1,4,6,4,0
491,1,2,2,4,1,6,1,0,1,7,0,3,2,2,7,7,0,2,1,4,3,3,1
492,1,5,2,4,1,6,1,0,1,4,0,3,2,2,7,7,0,2,1,4,3,4,5
493,0,2,3,4,1,3,1,0,0,10,0,4,2,3,7,7,0,2,1,4,3,3,4
494,0,5,3,9,1,0,1,0,0,10,0,4,2,3,7,7,0,2,1,4,2,3,1
495,0,0,2,9,1,0,1,0,0,4,0,2,2,2,7,7,0,2,1,4,3,2,3
496,0,2,0,8,0,5,1,1,0,3,1,3,0,2,7,7,0,2,1,0,3,0,1
497,0,2,3,4,1,0,1,0,0,7,0,4,2,3,7,7,0,2,1,4,3,3,1
498,0,5,3,8,1,0,1,0,0,5,0,2,2,2,7,7,0,2,1,4,3,3,1
499,0,0,2,9,1,3,1,0,0,10,0,2,2,2,7,7,0,2,1,4,2,2,3
500,0,5,2,9,1,0,1,0,0,10,0,2,2,2,7,7,0,2,1,4,3,2,1
501,0,0,3,9,1,0,1,0,0,2,0,2,2,2,7,7,0,2,1,4,2,2,1
502,0,5,2,8,1,3,1,0,0,2,0,2,2,2,7,7,0,2,1,4,2,2,3
503,0,0,2,9,1,0,1,0,0,10,0,2,2,2,7,7,0,2,1,4,2,3,3
504,0,0,3,9,1,0,1,0,0,10,0,2,2,2,7,7,0,2,1,4,3,3,1
505,1,5,2,4,1,6,1,0,1,5,0,3,2,2,7,7,0,2,1,4,3,4,1
506,0,5,2,3,0,5,1,1,0,7,1,3,2,2,7,7,0,2,1,0,3,3,1
507,0,2,2,4,0,5,1,1,0,7,1,3,0,2,7,7,0,2,1,0,3,0,1
508,0,5,0,8,1,0,1,1,1,5,1,1,2,2,7,7,0,2,1,4,3,4,0
509,0,2,0,3,0,5,1,0,1,7,0,3,2,2,7,7,0,2,1,4,3,4,5
510,0,2,0,4,0,5,1,0,1,4,0,3,2,2,7,7,0,2,1,4,3,5,5
511,0,0,3,9,1,0,1,0,0,4,0,2,2,2,7,7,0,2,1,4,2,3,1
512,0,5,0,8,1,0,1,1,1,5,1,1,2,2,7,7,0,2,1,4,6,4,0
513,0,4,0,3,0,5,1,0,1,5,0,3,2,2,7,7,0,2,1,4,3,4,5
514,0,5,0,4,0,5,1,0,1,4,0,3,2,2,7,7,0,2,1,4,3,4,5
515,0,5,0,8,0,5,1,1,0,3,1,3,0,2,7,7,0,2,1,0,3,0,1
516,0,5,3,4,1,3,1,0,0,5,0,4,2,3,7,7,0,2,1,4,2,5,4
517,0,0,2,9,1,0,1,0,0,4,0,2,2,2,7,7,0,2,1,4,2,2,1
518,0,5,3,8,1,3,1,0,0,4,0,2,2,2,7,7,0,2,1,4,2,3,1
519,0,5,3,9,1,0,1,0,0,4,0,2,2,2,7,7,0,2,1,4,3,2,1
520,0,5,2,8,1,3,1,0,0,10,0,2,2,2,7,7,0,2,1,4,2,2,3
521,0,0,2,8,1,3,1,0,0,5,0,2,2,2,7,7,0,2,1,4,2,3,1
522,0,2,3,9,1,0,1,0,0,7,0,4,2,3,7,7,0,2,1,4,3,5,4
523,1,5,2,4,1,6,1,0,1,5,0,3,2,2,7,7,0,2,1,4,3,3,5
524,0,2,0,3,0,5,1,0,1,5,0,3,2,2,7,7,0,2,1,4,2,5,5
525,0,0,2,9,1,3,1,0,0,10,0,2,2,2,7,7,0,2,1,4,3,3,1
526,0,2,3,4,1,0,1,0,0,10,0,4,2,3,7,7,0,2,1,4,3,3,4
527,0,5,2,9,1,0,1,0,0,4,0,2,2,2,7,7,0,2,1,4,3,3,3
528,0,5,0,4,0,5,1,0,1,4,0,3,2,2,7,7,0,2,1,4,2,5,5
529,0,2,3,9,1,0,1,0,0,10,0,4,2,3,7,7,0,2,1,4,3,5,4
530,0,5,3,4,1,0,1,0,0,5,0,4,2,3,7,7,0,2,1,4,3,5,4
531,0,5,2,8,1,0,1,0,0,5,0,2,2,2,7,7,0,2,1,4,2,3,1
532,1,5,3,8,1,6,1,0,1,5,0,3,2,2,7,7,0,2,1,4,2,3,1
533,0,2,3,4,1,3,1,0,0,10,0,4,2,3,7,7,0,2,1,4,2,5,4
534,1,2,2,4,1,6,1,0,1,4,0,3,2,2,7,7,0,2,1,4,2,3,1
535,0,5,0,8,0,5,1,1,0,4,1,3,0,2,7,7,0,2,1,0,2,3,1
536,0,0,3,8,1,0,1,0,0,4,0,2,2,2,7,7,0,2,1,4,2,3,3
537,0,4,0,4,0,5,1,0,1,7,0,3,2,2,7,7,0,2,1,4,2,4,5
538,0,5,3,9,1,3,1,0,0,2,0,2,2,2,7,7,0,2,1,4,3,3,3
539,0,2,2,8,1,0,1,1,1,7,1,1,2,2,7,7,0,2,1,4,6,4,0
540,0,5,2,9,1,0,1,0,0,5,0,2,2,2,7,7,0,2,1,4,2,3,3
541,0,2,0,3,0,5,1,1,0,7,1,3,2,0,7,7,0,2,1,0,2,3,1
542,1,5,3,8,1,6,1,0,1,5,0,3,2,2,7,7,0,2,1,4,3,3,1
543,0,5,3,9,1,0,1,0,0,7,0,4,2,3,7,7,0,2,1,4,2,3,1
544,0,2,0,4,0,5,1,1,0,5,1,3,2,2,7,7,0,2,1,0,2,0,1
545,0,5,2,8,1,0,1,0,0,10,0,2,2,2,7,7,0,2,1,4,2,3,3
546,0,0,3,9,1,3,1,0,0,2,0,2,2,2,7,7,0,2,1,4,3,3,3
547,0,2,0,3,0,5,1,0,1,2,0,3,2,2,7,7,0,2,1,4,3,4,5
548,0,5,0,9,1,3,1,1,1,7,1,1,2,2,7,7,0,2,1,4,6,4,0
549,0,5,2,9,1,0,1,0,0,2,0,2,2,2,7,7,0,2,1,4,3,2,3
550,0,2,0,4,0,5,1,0,1,5,0,3,2,2,7,7,0,2,1,4,3,5,5
551,0,5,0,3,0,5,1,1,0,3,1,3,0,2,7,7,0,2,1,0,3,3,1
552,0,5,3,9,1,3,1,0,0,7,0,4,2,3,7,7,0,2,1,4,2,3,4
553,0,2,2,8,1,3,1,1,1,7,1,1,2,2,7,7,0,2,1,4,3,4,0
554,0,5,2,9,1,3,1,0,0,4,0,2,2,2,7,7,0,2,1,4,2,3,1
555,0,2,3,9,1,0,1,0,0,7,0,4,2,3,7,7,0,2,1,4,2,5,4
556,1,5,3,4,1,6,1,0,1,4,0,3,2,2,7,7,0,2,1,4,2,4,5
557,0,5,0,8,1,3,1,1,1,10,1,1,2,2,7,7,0,2,1,4,6,4,0
558,0,5,2,8,1,3,1,0,0,10,0,2,2,2,7,7,0,2,1,4,2,2,1
559,0,5,3,9,1,0,1,0,0,2,0,2,2,2,7,7,0,2,1,4,3,2,3
560,0,0,2,9,1,0,1,0,0,2,0,2,2,2,7,7,0,2,1,4,3,3,1
561,0,5,2,9,1,0,1,1,1,10,1,1,2,2,7,7,0,2,1,4,6,4,0
562,0,5,2,9,1,0,1,1,1,5,1,1,2,2,7,7,0,2,1,4,6,4,0
563,0,5,0,8,0,5,1,1,0,5,1,3,0,2,7,7,0,2,1,0,2,3,1
564,0,0,2,8,1,0,1,0,0,10,0,2,2,2,7,7,0,2,1,4,3,3,3
565,1,5,3,8,1,6,1,0,1,10,0,3,2,2,7,7,0,2,1,4,2,4,1
566,0,5,3,9,1,0,1,0,0,2,0,2,2,2,7,7,0,2,1,4,3,2,1
567,0,2,2,3,0,5,1,1,0,4,1,3,2,0,7,7,0,2,1,0,2,3,1
568,1,5,2,4,1,6,1,0,1,5,0,3,2,2,7,7,0,2,1,4,3,3,1
569,0,0,3,8,1,0,1,0,0,10,0,2,2,2,7,7,0,2,1,4,2,2,3
570,0,5,2,8,1,0,1,0,0,4,0,2,2,2,7,7,0,2,1,4,2,2,3
571,0,2,0,9,1,3,1,1,1,5,1,1,2,2,7,7,0,2,1,4,3,4,0
572,0,5,2,9,1,0,1,0,0,4,0,2,2,2,7,7,0,2,1,4,2,2,1
573,0,0,3,8,1,3,1,0,0,10,0,2,2,2,7,7,0,2,1,4,2,2,1
574,0,5,3,4,1,0,1,0,0,10,0,4,2,3,7,7,0,2,1,4,3,5,1
575,0,5,2,9,1,3,1,0,0,10,0,2,2,2,7,7,0,2,1,4,3,3,1
576,0,5,0,4,0,5,1,0,1,7,0,3,2,2,7,7,0,2,1,4,3,4,5
577,0,5,2,9,1,3,1,0,0,5,0,2,2,2,7,7,0,2,1,4,3,3,1
578,0,5,3,9,1,3,1,0,0,10,0,4,2,3,7,7,0,2,1,4,3,5,1
579,1,5,2,4,1,6,1,0,1,10,0,3,2,2,7,7,0,2,1,4,3,3,1
580,0,5,2,8,1,0,1,0,0,2,0,2,2,2,7,7,0,2,1,4,3,2,3
581,0,5,2,9,1,0,1,0,0,10,0,2,2,2,7,7,0,2,1,4,3,3,3
582,0,5,3,8,1,3,1,0,0,4,0,2,2,2,7,7,0,2,1,4,2,2,1
583,0,5,3,9,1,0,1,0,0,5,0,4,2,3,7,7,0,2,1,4,3,5,1
584,0,2,3,9,1,0,1,0,0,10,0,4,2,3,7,7,0,2,1,4,2,3,1
585,0,5,3,8,1,0,1,0,0,4,0,2,2,2,7,7,0,2,1,4,3,3,3
586,0,4,0,3,0,5,1,0,1,2,0,3,2,2,7,7,0,2,1,4,2,4,5
587,0,2,0,4,0,5,1,0,1,5,0,3,2,2,7,7,0,2,1,4,2,5,5
588,0,4,0,3,0,5,1,0,1,5,0,3,2,2,7,7,0,2,1,4,2,4,5
589,0,5,3,8,1,0,1,0,0,5,0,2,2,2,7,7,0,2,1,4,2,2,3
590,1,5,2,8,1,6,1,0,1,4,0,3,2,2,7,7,0,2,1,4,2,3,5
591,0,5,2,3,0,5,1,1,0,3,1,3,2,0,7,7,0,2,1,0,2,3,1
592,0,5,3,9,1,3,1,0,0,2,0,2,2,2,7,7,0,2,1,4,2,3,1
593,1,5,3,8,1,6,1,0,1,4,0,3,2,2,7,7,0,2,1,4,3,3,1
594,0,5,2,9,1,0,1,0,0,2,0,2,2,2,7,7,0,2,1,4,2,2,3
595,1,5,2,4,1,6,1,0,1,7,0,3,2,2,7,7,0,2,1,4,2,4,5
596,0,0,2,9,1,3,1,0,0,5,0,2,2,2,7,7,0,2,1,4,2,2,3
597,0,0,3,8,1,3,1,0,0,2,0,2,2,2,7,7,0,2,1,4,2,3,3
598,1,5,3,8,1,6,1,0,1,7,0,3,2,2,7,7,0,2,1,4,3,3,1
599,1,5,2,4,1,6,1,0,1,5,0,3,2,2,7,7,0,2,1,4,2,3,5
600,0,5,2,3,0,5,1,1,0,5,1,3,2,0,7,7,0,2,1,0,3,0,1
601,0,5,3,4,1,3,1,0,0,10,0,4,2,3,7,7,0,2,1,4,3,5,1
602,0,2,0,8,0,5,1,1,0,4,1,3,0,0,7,7,0,2,1,0,3,0,1
603,0,2,3,4,1,3,1,0,0,5,0,4,2,3,7,7,0,2,1,4,3,3,4
604,0,0,3,8,1,3,1,0,0,10,0,2,2,2,7,7,0,2,1,4,2,3,3
605,0,0,2,8,1,0,1,0,0,5,0,2,2,2,7,7,0,2,1,4,2,2,1
606,0,5,2,3,0,5,1,1,0,5,1,3,2,0,7,7,0,2,1,0,3,3,1
607,0,2,3,4,1,0,1,0,0,5,0,4,2,3,7,7,0,2,1,4,2,5,1
608,0,5,2,8,1,3,1,0,0,10,0,2,2,2,7,7,0,2,1,4,2,3,3
609,0,2,0,3,0,5,1,0,1,5,0,3,2,2,7,7,0,2,1,4,2,4,5
610,0,2,2,4,0,5,1,1,0,3,1,3,0,2,7,7,0,2,1,0,3,0,1
611,0,5,0,3,0,5,1,1,0,5,1,3,2,0,7,7,0,2,1,0,3,3,1
612,0,2,2,8,0,5,1,1,0,7,1,3,2,0,7,7,0,2,1,0,2,0,1
613,1,5,2,8,1,6,1,0,1,4,0,3,2,2,7,7,0,2,1,4,3,3,5
614,0,5,3,9,1,3,1,0,0,7,0,4,2,3,7,7,0,2,1,4,2,3,1
615,0,0,2,8,1,3,1,0,0,2,0,2,2,2,7,7,0,2,1,4,2,3,1
616,0,2,0,3,0,5,1,1,0,7,1,3,2,2,7,7,0,2,1,0,2,0,1
617,0,0,3,8,1,3,1,0,0,2,0,2,2,2,7,7,0,2,1,4,2,3,1
618,0,0,2,9,1,0,1,0,0,5,0,2,2,2,7,7,0,2,1,4,3,2,3
619,0,4,0,3,0,5,1,0,1,5,0,3,2,2,7,7,0,2,1,4,3,5,5
620,0,2,3,9,1,3,1,0,0,7,0,4,2,3,7,7,0,2,1,4,2,3,1
621,0,0,2,8,1,3,1,0,0,10,0,2,2,2,7,7,0,2,1,4,3,2,1
622,0,5,0,8,1,3,1,1,1,5,1,1,2,2,7,7,0,2,1,4,6,4,0
623,0,2,3,9,1,0,1,0,0,5,0,4,2,3,7,7,0,2,1,4,2,3,4
624,0,2,0,3,0,5,1,0,1,7,0,3,2,2,7,7,0,2,1,4,2,5,5
625,0,5,2,8,1,3,1,0,0,2,0,2,2,2,7,7,0,2,1,4,2,3,3
626,0,2,0,9,1,3,1,1,1,10,1,1,2,2,7,7,0,2,1,4,6,4,0
627,0,4,0,3,0,5,1,0,1,7,0,3,2,2,7,7,0,2,1,4,2,5,5
628,0,0,3,8,1,0,1,0,0,2,0,2,2,2,7,7,0,2,1,4,3,3,1
629,0,0,2,8,1,0,1,0,0,4,0,2,2,2,7,7,0,2,1,4,2,2,1
630,0,2,0,4,0,5,1,1,0,5,1,3,2,2,7,7,0,2,1,0,3,3,1
631,0,0,3,9,1,0,1,0,0,4,0,2,2,2,7,7,0,2,1,4,2,2,3
632,0,5,0,4,1,5,1,0,0,5,1,1,2,2,7,3,0,2,1,4,2,4,0
633,0,5,3,4,1,3,1,0,0,5,0,4,2,3,7,7,0,2,1,4,2,3,1
634,0,5,3,4,1,0,1,0,0,7,0,4,2,3,7,7,0,2,1,4,3,3,1
635,0,0,3,9,1,0,1,0,0,10,0,2,2,2,7,7,0,2,1,4,3,3,3
636,0,2,3,9,1,0,1,0,0,7,0,4,2,3,7,7,0,2,1,4,2,3,1
637,0,5,3,9,1,3,1,0,0,5,0,2,2,2,7,7,0,2,1,4,2,2,3
638,0,5,2,4,0,5,1,1,0,3,1,3,2,2,7,7,0,2,1,0,2,3,1
639,0,5,3,8,1,0,1,0,0,2,0,2,2,2,7,7,0,2,1,4,2,3,3
640,0,0,3,9,1,3,1,0,0,10,0,2,2,2,7,7,0,2,1,4,2,2,3
641,0,5,3,4,1,0,1,0,0,5,0,4,2,3,7,7,0,2,1,4,3,5,1
642,0,2,3,4,1,3,1,0,0,10,0,4,2,3,7,7,0,2,1,4,2,3,4
643,0,2,3,4,1,0,1,0,0,10,0,4,2,3,7,7,0,2,1,4,2,5,1
644,0,2,3,9,1,3,1,0,0,5,0,4,2,3,7,7,0,2,1,4,2,3,4
645,0,5,2,9,1,3,1,1,1,5,1,1,2,2,7,7,0,2,1,4,6,4,0
646,0,0,3,8,1,0,1,0,0,2,0,2,2,2,7,7,0,2,1,4,2,3,3
647,0,0,2,8,1,3,1,0,0,4,0,2,2,2,7,7,0,2,1,4,2,2,3
648,0,5,3,9,1,0,1,0,0,5,0,2,2,2,7,7,0,2,1,4,2,3,1
649,0,2,0,8,1,3,1,1,1,7,1,1,2,2,7,7,0,2,1,4,6,4,0
650,0,5,2,9,1,0,1,0,0,5,0,2,2,2,7,7,0,2,1,4,2,3,1
651,0,0,2,9,1,3,1,0,0,5,0,2,2,2,7,7,0,2,1,4,3,2,3
652,0,2,3,9,1,0,1,0,0,10,0,4,2,3,7,7,0,2,1,4,2,5,1
653,1,5,3,4,1,6,1,0,1,10,0,3,2,2,7,7,0,2,1,4,2,3,1
654,1,5,3,8,1,6,1,0,1,10,0,3,2,2,7,7,0,2,1,4,2,4,5
655,0,5,2,9,1,3,1,0,0,2,0,2,2,2,7,7,0,2,1,4,3,3,1
656,0,2,0,8,0,5,1,1,0,4,1,3,2,2,7,7,0,2,1,0,3,3,1
657,0,0,2,9,1,0,1,0,0,2,0,2,2,2,7,7,0,2,1,4,2,2,1
658,0,5,3,9,1,3,1,0,0,10,0,4,2,3,7,7,0,2,1,4,2,5,4
659,0,2,0,3,0,5,1,0,1,4,0,3,2,2,7,7,0,2,1,4,3,5,5
660,0,0,2,8,1,0,1,0,0,5,0,2,2,2,7,7,0,2,1,4,2,3,1
661,0,5,2,8,1,3,1,0,0,4,0,2,2,2,7,7,0,2,1,4,2,3,3
662,1,5,3,4,1,6,1,0,1,5,0,3,2,2,7,7,0,2,1,4,2,3,1
663,1,5,2,4,1,6,1,0,1,4,0,3,2,2,7,7,0,2,1,4,3,3,1
664,0,0,2,8,1,3,1,0,0,2,0,2,2,2,7,7,0,2,1,4,3,3,1
665,0,0,2,9,1,0,1,0,0,10,0,2,2,2,7,7,0,2,1,4,3,2,3
666,0,2,3,4,1,0,1,0,0,10,0,4,2,3,7,7,0,2,1,4,3,3,1
667,0,5,3,9,1,3,1,0,0,7,0,4,2,3,7,7,0,2,1,4,3,5,1
668,0,2,3,9,1,3,1,0,0,5,0,4,2,3,7,7,0,2,1,4,3,5,4
669,0,5,3,8,1,0,1,0,0,10,0,2,2,2,7,7,0,2,1,4,3,2,1
670,0,5,2,9,1,0,1,0,0,4,0,2,2,2,7,7,0,2,1,4,2,3,1
671,0,2,0,4,0,5,1,0,1,7,0,3,2,2,7,7,0,2,1,4,3,4,5
672,0,2,0,4,0,5,1,1,0,7,1,3,2,2,7,7,0,2,1,0,2,0,1
673,0,5,0,9,1,3,1,1,1,10,1,1,2,2,7,7,0,2,1,4,6,4,0
674,0,2,3,9,1,3,1,0,0,10,0,4,2,3,7,7,0,2,1,4,3,3,4
675,0,2,0,4,0,5,1,0,1,2,0,3,2,2,7,7,0,2,1,4,2,5,5
676,0,2,0,3,0,5,1,0,1,4,0,3,2,2,7,7,0,2,1,4,3,4,5
677,0,5,3,4,1,3,1,0,0,5,0,4,2,3,7,7,0,2,1,4,3,5,1
678,0,5,3,9,1,3,1,0,0,10,0,4,2,3,7,7,0,2,1,4,3,5,4
679,0,0,2,8,1,0,1,0,0,2,0,2,2,2,7,7,0,2,1,4,2,3,3
680,0,5,2,8,1,3,1,1,1,5,1,1,2,2,7,7,0,2,1,4,3,4,0
681,0,5,3,8,1,0,1,0,0,5,0,2,2,2,7,7,0,2,1,4,3,2,3
682,0,5,0,9,1,0,1,1,1,10,1,1,2,2,7,7,0,2,1,4,6,4,0
683,0,0,2,9,1,0,1,0,0,10,0,2,2,2,7,7,0,2,1,4,2,2,1
684,0,5,0,4,1,5,1,0,0,7,1,1,2,2,6,7,0,2,1,4,3,4,0
685,0,5,3,8,1,0,1,0,0,2,0,2,2,2,7,7,0,2,1,4,2,2,3
686,0,2,0,3,0,5,1,0,1,4,0,3,2,2,7,7,0,2,1,4,2,4,5
687,0,0,3,8,1,0,1,0,0,5,0,2,2,2,7,7,0,2,1,4,3,3,3
688,0,5,3,9,1,3,1,0,0,10,0,2,2,2,7,7,0,2,1,4,2,2,3
689,0,5,2,8,1,0,1,0,0,4,0,2,2,2,7,7,0,2,1,4,2,3,1
690,0,0,2,9,1,0,1,0,0,10,0,2,2,2,7,7,0,2,1,4,2,3,1
691,0,0,3,8,1,3,1,0,0,4,0,2,2,2,7,7,0,2,1,4,2,3,1
692,0,5,3,4,1,0,1,0,0,7,0,4,2,3,7,7,0,2,1,4,3,3,4
693,0,2,2,3,0,5,1,1,0,4,1,3,0,2,7,7,0,2,1,0,3,0,1
694,1,5,3,4,1,6,1,0,1,7,0,3,2,2,7,7,0,2,1,4,3,3,1
695,0,0,3,8,1,0,1,0,0,5,0,2,2,2,7,7,0,2,1,4,3,3,1
696,0,0,2,9,1,0,1,0,0,10,0,2,2,2,7,7,0,2,1,4,3,3,3
697,1,5,3,4,1,6,1,0,1,10,0,3,2,2,7,7,0,2,1,4,2,4,1
698,1,5,2,4,1,6,1,0,1,7,0,3,2,2,7,7,0,2,1,4,3,4,5
699,0,2,2,4,0,5,1,1,0,5,1,3,0,2,7,7,0,2,1,0,3,0,1
700,1,5,2,4,1,6,1,0,1,10,0,3,2,2,7,7,0,2,1,4,2,3,1
701,0,2,0,3,0,5,1,1,0,3,1,3,2,0,7,7,0,2,1,0,3,0,1
702,0,5,3,9,1,3,1,0,0,5,0,4,2,3,7,7,0,2,1,4,2,3,4
703,0,0,3,8,1,3,1,0,0,4,0,2,2,2,7,7,0,2,1,4,2,2,3
704,0,2,3,9,1,3,1,0,0,7,0,4,2,3,7,7,0,2,1,4,3,3,4
705,0,2,3,9,1,3,1,0,0,7,0,4,2,3,7,7,0,2,1,4,2,5,4
706,0,0,3,9,1,3,1,0,0,4,0,2,2,2,7,7,0,2,1,4,2,2,3
707,0,4,0,4,0,5,1,0,1,7,0,3,2,2,7,7,0,2,1,4,2,5,5
708,0,5,2,8,1,0,1,0,0,4,0,2,2,2,7,7,0,2,1,4,3,2,3
709,0,0,3,9,1,0,1,0,0,2,0,2,2,2,7,7,0,2,1,4,2,2,3
710,0,2,3,9,1,0,1,0,0,10,0,4,2,3,7,7,0,2,1,4,2,3,4
711,0,2,2,4,0,5,1,1,0,7,1,3,0,0,7,7,0,2,1,0,3,0,1
712,0,5,2,8,1,3,1,0,0,10,0,2,2,2,7,7,0,2,1,4,3,3,3
713,0,0,3,9,1,3,1,0,0,10,0,2,2,2,7,7,0,2,1,4,3,2,1
714,0,0,3,9,1,3,1,0,0,4,0,2,2,2,7,7,0,2,1,4,2,3,1
715,0,0,3,9,1,0,1,0,0,5,0,2,2,2,7,7,0,2,1,4,3,3,3
716,0,0,2,8,1,3,1,0,0,4,0,2,2,2,7,7,0,2,1,4,3,3,3
717,0,5,3,9,1,0,1,0,0,5,0,4,2,3,7,7,0,2,1,4,2,3,4
718,0,5,3,4,1,0,1,0,0,5,0,4,2,3,7,7,0,2,1,4,3,3,1
719,0,4,0,4,0,5,1,0,1,2,0,3,2,2,7,7,0,2,1,4,2,4,5
720,0,2,3,4,1,0,1,0,0,5,0,4,2,3,7,7,0,2,1,4,3,3,1
721,0,5,2,8,1,0,1,0,0,4,0,2,2,2,7,7,0,2,1,4,2,2,1
722,0,2,2,9,1,3,1,1,1,10,1,1,2,2,7,7,0,2,1,4,3,4,0
723,0,5,2,4,0,5,1,1,0,7,1,3,2,2,7,7,0,2,1,0,3,0,1
724,0,2,3,9,1,0,1,0,0,5,0,4,2,3,7,7,0,2,1,4,2,3,1
725,1,5,3,4,1,6,1,0,1,4,0,3,2,2,7,7,0,2,1,4,3,4,1
726,0,5,2,8,1,3,1,0,0,10,0,2,2,2,7,7,0,2,1,4,3,2,1
727,0,5,0,8,0,5,1,1,0,3,1,3,0,2,7,7,0,2,1,0,3,3,1
728,0,0,2,8,1,0,1,0,0,5,0,2,2,2,7,7,0,2,1,4,3,3,3
729,0,5,3,8,1,3,1,0,0,10,0,2,2,2,7,7,0,2,1,4,2,3,3
730,0,2,3,9,1,3,1,0,0,10,0,4,2,3,7,7,0,2,1,4,2,5,1
731,0,5,0,4,0,5,1,1,0,5,1,3,0,2,7,7,0,2,1,0,3,3,1
732,1,5,2,8,1,6,1,0,1,4,0,3,2,2,7,7,0,2,1,4,3,3,1
733,1,5,3,8,1,6,1,0,1,7,0,3,2,2,7,7,0,2,1,4,2,3,5
734,0,5,3,8,1,3,1,0,0,2,0,2,2,2,7,7,0,2,1,4,2,2,1
735,0,0,3,8,1,0,1,0,0,10,0,2,2,2,7,7,0,2,1,4,3,3,1
736,0,5,0,8,1,0,1,1,1,10,1,1,2,2,7,7,0,2,1,4,3,4,0
737,1,5,3,8,1,6,1,0,1,10,0,3,2,2,7,7,0,2,1,4,2,3,5
738,0,5,2,8,1,3,1,0,0,2,0,2,2,2,7,7,0,2,1,4,2,3,1
739,0,5,0,3,0,5,1,0,1,7,0,3,2,2,7,7,0,2,1,4,2,4,5
740,0,5,0,4,0,5,1,0,1,7,0,3,2,2,7,7,0,2,1,4,2,4,5
741,0,0,2,8,1,0,1,0,0,5,0,2,2,2,7,7,0,2,1,4,2,3,3
742,0,5,3,4,1,0,1,0,0,7,0,4,2,3,7,7,0,2,1,4,2,3,1
743,0,0,3,8,1,0,1,0,0,4,0,2,2,2,7,7,0,2,1,4,3,2,3
744,0,2,3,9,1,3,1,0,0,5,0,4,2,3,7,7,0,2,1,4,3,3,4
745,0,5,3,8,1,3,1,0,0,5,0,2,2,2,7,7,0,2,1,4,3,2,1
746,0,0,3,8,1,3,1,0,0,10,0,2,2,2,7,7,0,2,1,4,3,3,1
747,0,0,3,8,1,0,1,0,0,10,0,2,2,2,7,7,0,2,1,4,2,3,3
748,1,5,2,4,1,6,1,0,1,10,0,3,2,2,7,7,0,2,1,4,3,4,5
749,0,2,2,9,1,0,1,1,1,5,1,1,2,2,7,7,0,2,1,4,6,4,0
750,0,5,3,4,1,0,1,0,0,5,0,4,2,3,7,7,0,2,1,4,3,3,4
751,0,0,2,9,1,3,1,0,0,4,0,2,2,2,7,7,0,2,1,4,3,2,1
752,0,2,2,8,1,0,1,1,1,5,1,1,2,2,7,7,0,2,1,4,6,4,0
753,0,0,3,9,1,3,1,0,0,10,0,2,2,2,7,7,0,2,1,4,2,3,1
754,0,0,3,9,1,0,1,0,0,4,0,2,2,2,7,7,0,2,1,4,3,2,3
755,0,0,2,9,1,0,1,0,0,5,0,2,2,2,7,7,0,2,1,4,2,2,1
756,0,2,3,9,1,3,1,0,0,5,0,4,2,3,7,7,0,2,1,4,3,5,1
757,0,5,2,8,0,5,1,1,0,5,1,3,0,0,7,7,0,2,1,0,3,0,1
758,0,0,3,9,1,0,1,0,0,10,0,2,2,2,7,7,0,2,1,4,3,2,3
759,0,5,3,4,1,0,1,0,0,5,0,4,2,3,7,7,0,2,1,4,2,5,4
760,0,0,2,8,1,3,1,0,0,2,0,2,2,2,7,7,0,2,1,4,3,2,1
761,0,2,3,4,1,3,1,0,0,7,0,4,2,3,7,7,0,2,1,4,2,5,1
762,0,5,2,8,1,3,1,0,0,2,0,2,2,2,7,7,0,2,1,4,3,2,1
763,0,5,0,4,0,5,1,0,1,2,0,3,2,2,7,7,0,2,1,4,3,4,5
764,0,5,3,4,1,3,1,0,0,10,0,4,2,3,7,7,0,2,1,4,2,3,4
765,0,2,0,3,0,5,1,1,0,4,1,3,2,0,7,7,0,2,1,0,2,0,1
766,0,5,2,8,1,3,1,1,1,7,1,1,2,2,7,7,0,2,1,4,3,4,0
767,0,2,0,4,0,5,1,0,1,2,0,3,2,2,7,7,0,2,1,4,3,5,5
768,0,0,3,9,1,0,1,0,0,2,0,2,2,2,7,7,0,2,1,4,3,3,3
769,0,0,2,8,1,0,1,0,0,4,0,2,2,2,7,7,0,2,1,4,2,2,3
770,0,5,2,8,1,0,1,0,0,10,0,2,2,2,7,7,0,2,1,4,3,2,1
771,0,0,2,9,1,3,1,0,0,4,0,2,2,2,7,7,0,2,1,4,3,3,3
772,0,5,3,9,1,0,1,0,0,4,0,2,2,2,7,7,0,2,1,4,2,2,3
773,0,5,2,9,1,0,1,1,1,7,1,1,2,2,7,7,0,2,1,4,3,4,0
774,0,2,0,3,0,5,1,1,0,3,1,3,0,2,7,7,0,2,1,0,2,0,1
775,0,5,3,9,1,0,1,0,0,7,0,4,2,3,7,7,0,2,1,4,3,3,1
776,1,5,3,4,1,6,1,0,1,4,0,3,2,2,7,7,0,2,1,4,3,3,5
777,0,5,3,4,1,0,1,0,0,7,0,4,2,3,7,7,0,2,1,4,3,5,1
778,0,5,2,9,1,3,1,0,0,5,0,2,2,2,7,7,0,2,1,4,3,2,1
779,0,0,3,8,1,3,1,0,0,10,0,2,2,2,7,7,0,2,1,4,3,2,3
780,0,5,3,9,1,0,1,0,0,10,0,2,2,2,7,7,0,2,1,4,2,3,3
781,0,4,0,4,0,5,1,0,1,2,0,3,2,2,7,7,0,2,1,4,2,5,5
782,0,0,3,9,1,3,1,0,0,10,0,2,2,2,7,7,0,2,1,4,2,3,3
783,0,5,2,8,1,3,1,0,0,5,0,2,2,2,7,7,0,2,1,4,2,3,3
784,0,5,2,8,1,0,1,0,0,10,0,2,2,2,7,7,0,2,1,4,2,2,1
785,1,5,2,4,1,6,1,0,1,10,0,3,2,2,7,7,0,2,1,4,2,4,1
786,0,5,0,4,0,5,1,0,1,5,0,3,2,2,7,7,0,2,1,4,2,4,5
787,0,5,3,9,1,3,1,0,0,10,0,2,2,2,7,7,0,2,1,4,3,2,1
788,1,5,3,4,1,6,1,0,1,4,0,3,2,2,7,7,0,2,1,4,3,3,1
789,0,5,3,9,1,3,1,0,0,7,0,4,2,3,7,7,0,2,1,4,2,5,4
790,0,0,3,9,1,3,1,0,0,4,0,2,2,2,7,7,0,2,1,4,3,3,1
791,0,2,3,4,1,3,1,0,0,7,0,4,2,3,7,7,0,2,1,4,2,5,4
792,0,5,3,8,1,0,1,0,0,4,0,2,2,2,7,7,0,2,1,4,2,2,1
793,0,5,2,9,1,0,1,0,0,5,0,2,2,2,7,7,0,2,1,4,3,2,1
794,1,5,3,4,1,6,1,0,1,7,0,3,2,2,7,7,0,2,1,4,3,4,1
795,1,5,3,4,1,6,1,0,1,5,0,3,2,2,7,7,0,2,1,4,3,3,5
796,0,0,3,9,1,3,1,0,0,5,0,2,2,2,7,7,0,2,1,4,2,2,1
797,0,5,2,8,0,5,1,1,0,3,1,3,0,2,7,7,0,2,1,0,2,3,1
798,1,5,2,8,1,6,1,0,1,4,0,3,2,2,7,7,0,2,1,4,3,4,1
799,0,5,3,4,1,3,1,0,0,10,0,4,2,3,7,7,0,2,1,4,3,3,4
800,0,0,2,8,1,0,1,0,0,5,0,2,2,2,7,7,0,2,1,4,2,2,3
801,0,5,3,9,1,0,1,0,0,10,0,2,2,2,7,7,0,2,1,4,3,2,1
802,1,5,2,4,1,6,1,0,1,5,0,3,2,2,7,7,0,2,1,4,3,4,5
803,0,0,3,9,1,3,1,0,0,10,0,2,2,2,7,7,0,2,1,4,2,2,1
804,0,0,3,8,1,0,1,0,0,4,0,2,2,2,7,7,0,2,1,4,3,2,1
805,0,2,3,9,1,3,1,0,0,10,0,4,2,3,7,7,0,2,1,4,2,3,1
806,0,0,3,8,1,0,1,0,0,4,0,2,2,2,7,7,0,2,1,4,2,3,1
807,0,5,3,9,1,0,1,0,0,7,0,4,2,3,7,7,0,2,1,4,2,5,1
808,0,0,2,9,1,3,1,0,0,5,0,2,2,2,7,7,0,2,1,4,3,3,3
809,0,5,2,9,1,3,1,1,1,7,1,1,2,2,7,7,0,2,1,4,3,4,0
810,0,0,2,9,1,0,1,0,0,2,0,2,2,2,7,7,0,2,1,4,2,2,3
811,0,0,2,9,1,0,1,0,0,5,0,2,2,2,7,7,0,2,1,4,2,2,3
812,1,5,3,8,1,6,1,0,1,7,0,3,2,2,7,7,0,2,1,4,2,4,5
813,1,5,3,8,1,6,1,0,1,10,0,3,2,2,7,7,0,2,1,4,3,4,1
814,1,5,2,4,1,6,1,0,1,4,0,3,2,2,7,7,0,2,1,4,2,4,5
815,0,5,2,8,1,0,1,0,0,5,0,2,2,2,7,7,0,2,1,4,2,3,3
816,0,5,3,4,1,0,1,0,0,7,0,4,2,3,7,7,0,2,1,4,2,5,1
817,0,5,3,9,1,0,1,0,0,5,0,4,2,3,7,7,0,2,1,4,2,5,1
818,0,5,2,8,1,0,1,1,1,10,1,1,2,2,7,7,0,2,1,4,3,4,0
819,0,0,3,8,1,3,1,0,0,4,0,2,2,2,7,7,0,2,1,4,3,2,1
820,0,0,2,9,1,3,1,0,0,10,0,2,2,2,7,7,0,2,1,4,3,2,3
821,0,5,0,3,0,5,1,0,1,4,0,3,2,2,7,7,0,2,1,4,2,4,5
822,0,0,2,9,1,0,1,0,0,5,0,2,2,2,7,7,0,2,1,4,2,3,3
823,0,5,2,8,1,3,1,0,0,2,0,2,2,2,7,7,0,2,1,4,3,3,1
824,0,5,3,4,1,0,1,0,0,10,0,4,2,3,7,7,0,2,1,4,2,3,4
825,0,5,3,9,1,3,1,0,0,10,0,2,2,2,7,7,0,2,1,4,2,3,3
826,0,2,0,8,1,3,1,1,1,5,1,1,2,2,7,7,0,2,1,4,3,4,0
827,0,2,0,8,1,0,1,1,1,10,1,1,2,2,7,7,0,2,1,4,6,4,0
828,0,5,2,8,1,3,1,0,0,2,0,2,2,2,7,7,0,2,1,4,3,3,3
829,0,2,2,9,1,3,1,1,1,7,1,1,2,2,7,7,0,2,1,4,6,4,0
830,0,4,0,3,0,5,1,0,1,7,0,3,2,2,7,7,0,2,1,4,2,4,5
831,0,2,0,9,1,0,1,1,1,10,1,1,2,2,7,7,0,2,1,4,3,4,0
832,0,5,3,4,1,3,1,0,0,7,0,4,2,3,7,7,0,2,1,4,2,5,1
833,0,5,3,9,1,3,1,0,0,10,0,4,2,3,7,7,0,2,1,4,3,3,1
834,0,5,3,9,1,3,1,0,0,7,0,4,2,3,7,7,0,2,1,4,3,5,4
835,1,5,2,4,1,6,1,0,1,4,0,3,2,2,7,7,0,2,1,4,3,4,1
836,0,5,2,9,1,3,1,0,0,5,0,2,2,2,7,7,0,2,1,4,3,3,3
837,1,5,3,8,1,6,1,0,1,7,0,3,2,2,7,7,0,2,1,4,3,3,5
838,0,5,3,9,1,0,1,0,0,10,0,2,2,2,7,7,0,2,1,4,2,3,1
839,0,5,3,8,1,0,1,0,0,10,0,2,2,2,7,7,0,2,1,4,2,3,1
840,0,2,2,9,1,0,1,1,1,10,1,1,2,2,7,7,0,2,1,4,6,4,0
841,1,5,3,4,1,6,1,0,1,10,0,3,2,2,7,7,0,2,1,4,3,4,1
842,0,0,2,8,1,0,1,0,0,5,0,2,2,2,7,7,0,2,1,4,3,3,1
843,0,4,0,3,0,5,1,0,1,5,0,3,2,2,7,7,0,2,1,4,2,5,5
844,0,5,2,9,1,0,1,0,0,2,0,2,2,2,7,7,0,2,1,4,2,2,1
845,0,5,0,3,0,5,1,1,0,4,1,3,2,0,7,7,0,2,1,0,3,3,1
846,0,5,3,9,1,0,1,0,0,5,0,2,2,2,7,7,0,2,1,4,3,3,3
847,0,0,3,8,1,3,1,0,0,2,0,2,2,2,7,7,0,2,1,4,3,3,1
848,0,0,2,9,1,3,1,0,0,4,0,2,2,2,7,7,0,2,1,4,3,2,3
849,0,5,2,8,1,3,1,1,1,10,1,1,2,2,7,7,0,2,1,4,6,4,0
850,0,0,2,8,1,3,1,0,0,4,0,2,2,2,7,7,0,2,1,4,3,3,1
851,0,2,3,4,1,0,1,0,0,7,0,4,2,3,7,7,0,2,1,4,2,3,1
852,0,4,0,3,0,5,1,0,1,2,0,3,2,2,7,7,0,2,1,4,3,5,5
853,0,5,0,8,0,5,1,1,0,7,1,3,0,2,7,7,0,2,1,0,3,0,1
854,0,4,0,4,0,5,1,0,1,5,0,3,2,2,7,7,0,2,1,4,2,4,5
855,0,2,3,4,1,3,1,0,0,7,0,4,2,3,7,7,0,2,1,4,2,3,4
856,0,2,2,9,1,3,1,1,1,5,1,1,2,2,7,7,0,2,1,4,6,4,0
857,0,0,2,9,1,0,1,0,0,5,0,2,2,2,7,7,0,2,1,4,3,3,1
858,0,0,2,9,1,0,1,0,0,4,0,2,2,2,7,7,0,2,1,4,2,2,3
859,1,5,2,4,1,6,1,0,1,7,0,3,2,2,7,7,0,2,1,4,2,4,1
860,0,2,3,4,1,3,1,0,0,10,0,4,2,3,7,7,0,2,1,4,3,5,4
861,0,5,2,9,1,0,1,0,0,10,0,2,2,2,7,7,0,2,1,4,3,3,1
862,0,2,3,9,1,0,1,0,0,7,0,4,2,3,7,7,0,2,1,4,3,3,1
863,0,5,3,8,1,0,1,0,0,2,0,2,2,2,7,7,0,2,1,4,3,2,1
864,0,5,3,9,1,0,1,0,0,10,0,2,2,2,7,7,0,2,1,4,3,3,3
865,0,5,3,9,1,3,1,0,0,4,0,2,2,2,7,7,0,2,1,4,2,3,1
866,0,2,0,4,0,5,1,0,1,5,0,3,2,2,7,7,0,2,1,4,3,4,5
867,0,2,3,9,1,3,1,0,0,7,0,4,2,3,7,7,0,2,1,4,3,5,4
868,0,5,0,3,0,5,1,0,1,7,0,3,2,2,7,7,0,2,1,4,3,5,5
869,0,5,2,9,1,3,1,0,0,4,0,2,2,2,7,7,0,2,1,4,3,2,1
870,0,2,3,4,1,0,1,0,0,7,0,4,2,3,7,7,0,2,1,4,2,5,4
871,0,5,2,9,1,3,1,0,0,10,0,2,2,2,7,7,0,2,1,4,3,2,1
872,0,5,3,9,1,0,1,0,0,4,0,2,2,2,7,7,0,2,1,4,3,3,3
873,0,5,0,4,1,5,1,0,0,5,1,1,2,2,3,7,0,2,1,4,2,4,0
874,0,5,2,8,1,0,1,0,0,5,0,2,2,2,7,7,0,2,1,4,3,3,3
875,0,5,3,9,1,3,1,0,0,7,0,4,2,3,7,7,0,2,1,4,3,3,4
876,0,5,3,8,1,0,1,0,0,4,0,2,2,2,7,7,0,2,1,4,3,2,3
877,0,5,2,8,1,3,1,0,0,4,0,2,2,2,7,7,0,2,1,4,2,2,1
878,0,2,3,9,1,3,1,0,0,10,0,4,2,3,7,7,0,2,1,4,3,5,1
879,0,0,2,9,1,3,1,0,0,5,0,2,2,2,7,7,0,2,1,4,3,2,1
880,0,2,0,8,1,0,1,1,1,10,1,1,2,2,7,7,0,2,1,4,3,4,0
881,0,2,2,3,0,5,1,1,0,5,1,3,2,0,7,7,0,2,1,0,3,3,1
882,0,5,3,8,1,0,1,0,0,10,0,2,2,2,7,7,0,2,1,4,2,2,1
883,0,5,3,8,1,3,1,0,0,5,0,2,2,2,7,7,0,2,1,4,2,2,1
884,0,2,3,9,1,3,1,0,0,5,0,4,2,3,7,7,0,2,1,4,2,3,1
885,0,5,2,8,1,0,1,1,1,7,1,1,2,2,7,7,0,2,1,4,6,4,0
886,0,5,2,9,1,0,1,0,0,5,0,2,2,2,7,7,0,2,1,4,3,3,1
887,0,2,3,9,1,0,1,0,0,5,0,4,2,3,7,7,0,2,1,4,3,5,1
888,0,5,3,9,1,0,1,0,0,10,0,4,2,3,7,7,0,2,1,4,2,5,4
889,0,5,2,9,1,3,1,0,0,2,0,2,2,2,7,7,0,2,1,4,3,2,1
890,0,5,0,4,1,5,1,0,0,9,1,1,2,2,3,6,0,2,1,4,3,5,0
891,0,2,3,9,1,3,1,0,0,7,0,4,2,3,7,7,0,2,1,4,2,5,1
892,0,5,2,8,1,0,1,0,0,5,0,2,2,2,7,7,0,2,1,4,2,2,1
893,0,0,2,9,1,0,1,0,0,2,0,2,2,2,7,7,0,2,1,4,3,3,3
894,0,5,2,9,1,3,1,0,0,4,0,2,2,2,7,7,0,2,1,4,3,3,3
895,0,5,3,4,1,3,1,0,0,7,0,4,2,3,7,7,0,2,1,4,3,3,1
896,0,0,3,9,1,0,1,0,0,4,0,2,2,2,7,7,0,2,1,4,2,2,1
897,0,5,2,8,1,3,1,0,0,4,0,2,2,2,7,7,0,2,1,4,2,2,3
898,0,5,3,8,1,3,1,0,0,4,0,2,2,2,7,7,0,2,1,4,2,3,3
899,0,5,2,9,1,3,1,0,0,5,0,2,2,2,7,7,0,2,1,4,2,3,1
900,0,2,3,9,1,3,1,0,0,5,0,4,2,3,7,7,0,2,1,4,2,5,4
901,0,5,0,8,0,5,1,1,0,5,1,3,0,0,7,7,0,2,1,0,3,0,1
902,0,5,2,4,0,5,1,1,0,7,1,3,0,0,7,7,0,2,1,0,2,3,1
903,0,5,2,8,0,5,1,1,0,3,1,3,0,2,7,7,0,2,1,0,3,3,1
904,0,5,2,9,1,3,1,0,0,10,0,2,2,2,7,7,0,2,1,4,3,2,3
905,0,2,0,8,0,5,1,1,0,7,1,3,0,2,7,7,0,2,1,0,2,3,1
906,1,2,2,4,1,6,1,0,1,5,0,3,2,2,7,7,0,2,1,4,2,3,1
907,0,5,0,3,0,5,1,1,0,7,1,3,0,0,7,7,0,2,1,0,3,3,1
908,1,2,3,4,1,6,1,0,1,7,0,3,2,2,7,7,0,2,1,4,3,4,5
909,1,5,2,4,1,6,1,0,1,10,0,3,2,2,7,7,0,2,1,4,3,4,1
910,0,0,2,8,1,3,1,0,0,4,0,2,2,2,7,7,0,2,1,4,2,2,1
911,0,5,0,3,0,5,1,1,0,7,1,3,0,0,7,7,0,2,1,0,2,0,1
912,0,5,2,8,1,3,1,0,0,2,0,2,2,2,7,7,0,2,1,4,2,2,1
913,0,2,0,3,0,5,1,1,0,5,1,3,2,2,7,7,0,2,1,0,2,0,1
914,0,5,2,3,0,5,1,1,0,4,1,3,2,2,7,7,0,2,1,0,2,3,1
915,0,5,2,8,1,0,1,0,0,4,0,2,2,2,7,7,0,2,1,4,3,2,1
916,0,5,2,8,1,3,1,0,0,5,0,2,2,2,7,7,0,2,1,4,3,3,3
917,0,5,3,3,1,5,1,0,0,5,1,1,2,2,3,7,0,2,1,4,3,5,0
918,0,2,0,4,0,5,1,1,0,4,1,3,0,0,7,7,0,2,1,0,3,0,1
919,0,5,2,8,0,5,1,1,0,3,1,3,2,0,7,7,0,2,1,0,2,3,1
920,0,2,0,4,0,5,1,1,0,7,1,3,0,2,7,7,0,2,1,0,2,0,1
921,0,5,2,4,0,5,1,1,0,7,1,3,0,0,7,7,0,2,1,0,3,0,1
922,0,5,3,9,1,3,1,0,0,5,0,2,2,2,7,7,0,2,1,4,2,2,1
923,0,5,2,9,1,3,1,1,1,10,1,1,2,2,7,7,0,2,1,4,6,4,0
924,0,2,0,8,0,5,1,1,0,4,1,3,0,2,7,7,0,2,1,0,3,3,1
925,0,5,2,4,0,5,1,1,0,3,1,3,0,2,7,7,0,2,1,0,3,0,1
926,0,5,2,3,0,5,1,1,0,4,1,3,0,2,7,7,0,2,1,0,2,0,1
927,1,5,3,4,1,6,1,0,1,10,0,3,2,2,7,7,0,2,1,4,2,3,5
928,0,5,0,3,0,5,1,0,1,4,0,3,2,2,7,7,0,2,1,4,3,5,5
929,0,0,2,8,1,0,1,0,0,5,0,2,2,2,7,7,0,2,1,4,3,2,3
930,0,5,2,3,0,5,1,1,0,3,1,3,2,2,7,7,0,2,1,0,2,0,1
931,0,2,0,3,0,5,1,1,0,5,1,3,2,0,7,7,0,2,1,0,3,3,1
932,1,2,2,4,1,6,1,0,1,5,0,3,2,2,7,7,0,2,1,4,3,4,1
933,0,5,2,9,1,3,1,0,0,4,0,2,2,2,7,7,0,2,1,4,3,3,1
934,0,5,0,4,0,5,1,0,1,5,0,3,2,2,7,7,0,2,1,4,2,5,5
935,0,2,2,8,0,5,1,1,0,7,1,3,2,0,7,7,0,2,1,0,2,3,1
936,0,5,3,9,1,0,1,0,0,10,0,2,2,2,7,7,0,2,1,4,2,2,3
937,0,5,0,4,0,5,1,1,0,7,1,3,2,2,7,7,0,2,1,0,2,3,1
938,0,2,2,3,0,5,1,1,0,5,1,3,0,2,7,7,0,2,1,0,2,0,1
939,0,5,3,2,1,5,1,0,0,9,1,1,2,2,3,6,0,2,1,4,3,5,0
940,0,0,3,9,1,0,1,0,0,5,0,2,2,2,7,7,0,2,1,4,3,2,1
941,0,5,0,8,0,5,1,1,0,5,1,3,0,0,7,7,0,2,1,0,2,3,1
942,1,5,2,8,1,6,1,0,1,10,0,3,2,2,7,7,0,2,1,4,3,3,1
943,0,5,0,3,0,5,1,1,0,7,1,3,2,2,7,7,0,2,1,0,3,3,1
944,0,2,0,3,1,5,1,0,0,5,1,1,2,2,7,3,0,2,1,4,3,4,0
945,0,2,0,4,0,5,1,1,0,3,1,3,0,0,7,7,0,2,1,0,3,0,1
946,0,2,0,8,0,5,1,1,0,5,1,3,0,0,7,7,0,2,1,0,2,3,1
947,0,0,3,8,1,3,1,0,0,10,0,2,2,2,7,7,0,2,1,4,2,3,1
948,0,2,0,4,0,5,1,1,0,5,1,3,0,2,7,7,0,2,1,0,2,0,1
949,1,2,3,4,1,6,1,0,1,10,0,3,2,2,7,7,0,2,1,4,3,4,5
950,1,5,3,8,1,6,1,0,1,10,0,3,2,2,7,7,0,2,1,4,3,3,5
951,0,0,2,9,1,3,1,0,0,5,0,2,2,2,7,7,0,2,1,4,2,3,1
952,0,2,2,3,0,5,1,1,0,3,1,3,2,0,7,7,0,2,1,0,3,0,1
953,0,5,0,3,0,5,1,1,0,5,1,3,2,0,7,7,0,2,1,0,3,0,1
954,0,2,0,4,0,5,1,1,0,3,1,3,0,2,7,7,0,2,1,0,3,3,1
955,0,0,2,8,1,3,1,0,0,4,0,2,2,2,7,7,0,2,1,4,2,3,3
956,1,5,2,8,1,6,1,0,1,10,0,3,2,2,7,7,0,2,1,4,2,4,5
957,0,5,3,4,1,5,1,0,0,5,1,1,2,2,6,6,0,2,1,4,2,4,0
958,0,2,0,8,1,3,1,1,1,5,1,1,2,2,7,7,0,2,1,4,6,4,0
959,0,5,3,9,1,3,1,0,0,4,0,2,2,2,7,7,0,2,1,4,3,2,3
960,0,5,0,4,0,5,1,1,0,5,1,3,0,0,7,7,0,2,1,0,2,0,1
961,0,2,0,8,0,5,1,1,0,3,1,3,0,2,7,7,0,2,1,0,2,0,1
962,0,5,0,4,1,5,1,0,0,5,1,1,2,2,3,6,0,2,1,4,2,4,0
963,0,5,0,4,1,5,1,0,0,5,1,1,2,2,6,3,0,2,1,4,3,5,0
964,0,2,2,3,0,5,1,1,0,4,1,3,0,0,7,7,0,2,1,0,2,3,1
965,0,2,2,3,0,5,1,1,0,5,1,3,2,2,7,7,0,2,1,0,2,3,1
966,1,2,2,4,1,6,1,0,1,10,0,3,2,2,7,7,0,2,1,4,2,3,1
967,0,5,0,4,1,5,1,0,0,5,1,1,2,2,7,6,0,2,1,4,2,5,0
968,0,5,2,4,0,5,1,1,0,4,1,3,0,0,7,7,0,2,1,0,2,3,1
969,0,5,0,8,0,5,1,1,0,4,1,3,2,0,7,7,0,2,1,0,2,3,1
970,0,2,0,4,0,5,1,1,0,5,1,3,0,2,7,7,0,2,1,0,3,3,1
971,0,5,0,4,1,5,1,0,0,5,1,1,2,2,6,7,0,2,1,4,2,4,0
972,0,2,0,4,1,5,1,0,0,5,1,1,2,2,6,7,0,2,1,4,2,4,0
973,0,5,0,3,0,5,1,1,0,5,1,3,2,0,7,7,0,2,1,0,2,3,1
974,0,2,0,4,1,5,1,0,0,9,1,1,2,2,6,7,0,2,1,4,2,5,0
975,0,5,2,3,0,5,1,1,0,7,1,3,0,0,7,7,0,2,1,0,2,3,1
976,0,0,3,8,1,3,1,0,0,5,0,2,2,2,7,7,0,2,1,4,2,2,1
977,0,5,0,4,1,5,1,0,0,5,1,1,2,2,6,6,0,2,1,4,2,5,0
978,0,5,3,9,1,3,1,0,0,4,0,2,2,2,7,7,0,2,1,4,3,3,1
979,0,2,0,3,0,5,1,1,0,7,1,3,0,0,7,7,0,2,1,0,2,0,1
980,0,2,0,4,1,5,1,0,0,9,1,1,2,2,6,6,0,2,1,4,3,5,0
981,0,5,2,9,1,3,1,0,0,2,0,2,2,2,7,7,0,2,1,4,2,3,3
982,0,2,0,3,0,5,1,1,0,3,1,3,2,2,7,7,0,2,1,0,2,3,1
983,0,5,0,4,0,5,1,1,0,4,1,3,2,2,7,7,0,2,1,0,3,3,1
984,1,5,2,8,1,6,1,0,1,5,0,3,2,2,7,7,0,2,1,4,2,3,5
985,0,5,0,8,0,5,1,1,0,5,1,3,0,0,7,7,0,2,1,0,3,3,1
986,0,2,0,8,0,5,1,1,0,5,1,3,0,2,7,7,0,2,1,0,2,0,1
987,0,5,2,8,0,5,1,1,0,5,1,3,2,0,7,7,0,2,1,0,3,0,1
988,0,5,2,3,0,5,1,1,0,4,1,3,2,0,7,7,0,2,1,0,2,0,1
989,0,5,3,9,1,3,1,0,0,5,0,2,2,2,7,7,0,2,1,4,3,2,1
990,0,5,2,9,1,3,1,0,0,5,0,2,2,2,7,7,0,2,1,4,2,2,3
991,0,5,2,3,0,5,1,1,0,7,1,3,2,0,7,7,0,2,1,0,2,0,1
992,0,5,2,4,0,5,1,1,0,7,1,3,0,2,7,7,0,2,1,0,3,3,1
993,0,2,0,4,0,5,1,0,1,5,0,3,2,2,7,7,0,2,1,4,2,4,5
994,0,2,2,8,0,5,1,1,0,4,1,3,2,0,7,7,0,2,1,0,2,3,1
995,0,2,2,8,0,5,1,1,0,5,1,3,0,0,7,7,0,2,1,0,2,0,1
996,0,5,3,9,1,3,1,0,0,5,0,2,2,2,7,7,0,2,1,4,3,3,3
997,0,2,2,8,1,0,1,1,1,10,1,1,2,2,7,7,0,2,1,4,6,4,0
998,0,0,2,8,1,3,1,0,0,10,0,2,2,2,7,7,0,2,1,4,3,2,3
999,1,2,3,8,1,6,1,0,1,7,0,3,2,2,7,7,0,2,1,4,2,4,5
1000,0,5,0,3,1,5,1,0,0,5,1,1,2,2,6,6,0,2,1,4,2,5,0
1001,0,2,3,4,1,3,1,0,0,7,0,4,2,3,7,7,0,2,1,4,3,5,1
1002,0,2,2,4,0,5,1,1,0,4,1,3,2,2,7,7,0,2,1,0,3,3,1
1003,1,5,2,8,1,6,1,0,1,10,0,3,2,2,7,7,0,2,1,4,2,4,1
1004,0,5,3,4,1,3,1,0,0,7,0,4,2,3,7,7,0,2,1,4,3,5,1
1005,0,5,2,3,0,5,1,1,0,7,1,3,2,0,7,7,0,2,1,0,3,0,1
1006,0,5,2,8,0,5,1,1,0,4,1,3,0,2,7,7,0,2,1,0,3,0,1
1007,0,2,0,8,0,5,1,1,0,7,1,3,0,2,7,7,0,2,1,0,3,3,1
1008,0,5,0,4,0,5,1,1,0,4,1,3,2,2,7,7,0,2,1,0,3,0,1
1009,0,5,2,8,1,3,1,0,0,4,0,2,2,2,7,7,0,2,1,4,3,3,1
1010,0,5,3,8,1,0,1,0,0,2,0,2,2,2,7,7,0,2,1,4,3,3,3
1011,0,5,2,8,0,5,1,1,0,4,1,3,2,2,7,7,0,2,1,0,2,3,1
1012,0,2,3,9,1,0,1,0,0,7,0,4,2,3,7,7,0,2,1,4,3,3,4
1013,0,2,2,4,0,5,1,1,0,5,1,3,2,0,7,7,0,2,1,0,2,3,1
1014,0,2,0,3,0,5,1,1,0,3,1,3,0,0,7,7,0,2,1,0,2,3,1
1015,0,2,0,9,1,0,1,1,1,7,1,1,2,2,7,7,0,2,1,4,6,4,0
1016,0,2,3,4,1,3,1,0,0,5,0,4,2,3,7,7,0,2,1,4,3,3,1
1017,0,5,0,4,1,5,1,0,0,7,1,1,2,2,6,7,0,2,1,4,3,5,0
1018,1,2,2,4,1,6,1,0,1,10,0,3,2,2,7,7,0,2,1,4,3,3,1
1019,0,5,0,4,1,5,1,0,0,5,1,1,2,2,7,6,0,2,1,4,2,4,0
1020,0,2,0,4,0,5,1,1,0,5,1,3,0,0,7,7,0,2,1,0,3,0,1
1021,0,0,2,9,1,0,1,0,0,10,0,2,2,2,7,7,0,2,1,4,2,2,3
1022,0,0,3,8,1,0,1,0,0,4,0,2,2,2,7,7,0,2,1,4,2,2,1
1023,0,5,3,8,1,0,1,0,0,10,0,2,2,2,7,7,0,2,1,4,3,3,3
1024,1,2,3,8,1,6,1,0,1,5,0,3,2,2,7,7,0,2,1,4,2,4,5
1025,1,2,3,8,1,6,1,0,1,7,0,3,2,2,7,7,0,2,1,4,3,3,1
1026,0,5,0,4,0,5,1,0,1,5,0,3,2,2,7,7,0,2,1,4,3,4,5
1027,0,2,2,9,1,3,1,1,1,10,1,1,2,2,7,7,0,2,1,4,6,4,0
1028,0,5,3,9,1,3,1,0,0,4,0,2,2,2,7,7,0,2,1,4,2,2,3
1029,0,5,2,8,0,5,1,1,0,4,1,3,2,2,7,7,0,2,1,0,2,0,1
1030,0,5,0,3,1,5,1,0,0,9,1,1,2,2,3,3,0,2,1,4,3,5,0
1031,1,5,3,4,1,6,1,0,1,5,0,3,2,2,7,7,0,2,1,4,2,4,1
1032,0,5,0,3,0,5,1,1,0,7,1,3,2,0,7,7,0,2,1,0,3,3,1
1033,0,2,0,4,0,5,1,1,0,7,1,3,2,0,7,7,0,2,1,0,3,3,1
1034,0,5,2,8,0,5,1,1,0,7,1,3,2,2,7,7,0,2,1,0,3,3,1
1035,0,2,0,8,0,5,1,1,0,7,1,3,0,0,7,7,0,2,1,0,2,0,1
1036,0,5,3,9,1,0,1,0,0,4,0,2,2,2,7,7,0,2,1,4,2,3,3
1037,0,2,0,9,1,0,1,1,1,5,1,1,2,2,7,7,0,2,1,4,3,4,0
1038,0,5,0,3,0,5,1,0,1,4,0,3,2,2,7,7,0,2,1,4,2,5,5
1039,1,5,2,4,1,6,1,0,1,7,0,3,2,2,7,7,0,2,1,4,2,3,5
1040,0,5,3,9,1,0,1,0,0,10,0,4,2,3,7,7,0,2,1,4,3,5,4
1041,0,2,3,4,1,0,1,0,0,5,0,4,2,3,7,7,0,2,1,4,2,3,4
1042,0,5,0,8,0,5,1,1,0,3,1,3,2,2,7,7,0,2,1,0,2,0,1
1043,0,5,3,4,1,5,1,0,0,9,1,1,2,2,3,3,0,2,1,4,3,4,0
1044,0,5,2,3,0,5,1,1,0,3,1,3,0,0,7,7,0,2,1,0,3,0,1
1045,0,5,2,8,1,0,1,0,0,10,0,2,2,2,7,7,0,2,1,4,3,3,1
1046,0,5,0,3,0,5,1,1,0,3,1,3,2,0,7,7,0,2,1,0,3,3,1
1047,1,2,3,4,1,6,1,0,1,5,0,3,2,2,7,7,0,2,1,4,3,3,5
1048,0,5,0,4,1,5,1,0,0,7,1,1,2,2,3,7,0,2,1,4,2,4,0
1049,0,5,0,3,0,5,1,1,0,4,1,3,0,0,7,7,0,2,1,0,2,0,1
1050,0,5,0,2,1,5,1,0,0,10,1,1,2,2,7,7,0,2,1,4,2,4,0
1051,0,5,0,4,1,5,1,0,0,9,1,1,2,2,3,3,0,2,1,4,2,5,0
1052,0,5,0,3,0,5,1,1,0,7,1,3,2,0,7,7,0,2,1,0,3,0,1
1053,0,5,3,9,1,3,1,0,0,10,0,4,2,3,7,7,0,2,1,4,3,3,4
1054,0,5,0,4,0,5,1,1,0,4,1,3,0,2,7,7,0,2,1,0,2,3,1
1055,0,0,2,9,1,3,1,0,0,4,0,2,2,2,7,7,0,2,1,4,2,3,1
1056,0,5,0,8,1,3,1,1,1,7,1,1,2,2,7,7,0,2,1,4,3,4,0
1057,0,2,2,3,0,5,1,1,0,4,1,3,2,0,7,7,0,2,1,0,3,3,1
1058,0,5,3,9,1,3,1,0,0,10,0,2,2,2,7,7,0,2,1,4,2,2,1
1059,0,5,0,4,0,5,1,1,0,3,1,3,2,2,7,7,0,2,1,0,3,3,1
1060,0,2,2,8,0,5,1,1,0,3,1,3,2,0,7,7,0,2,1,0,3,0,1
1061,0,5,2,9,1,3,1,1,1,5,1,1,2,2,7,7,0,2,1,4,3,4,0
1062,0,5,2,3,0,5,1,1,0,4,1,3,0,2,7,7,0,2,1,0,3,3,1
1063,0,5,0,3,0,5,1,1,0,5,1,3,0,0,7,7,0,2,1,0,3,3,1
1064,1,2,3,8,1,6,1,0,1,4,0,3,2,2,7,7,0,2,1,4,2,3,5
1065,0,2,0,9,1,3,1,1,1,7,1,1,2,2,7,7,0,2,1,4,6,4,0
1066,0,5,3,8,1,0,1,0,0,4,0,2,2,2,7,7,0,2,1,4,2,3,1
1067,0,2,0,8,0,5,1,1,0,7,1,3,0,2,7,7,0,2,1,0,3,0,1
1068,0,5,0,4,1,5,1,0,0,9,1,1,2,2,3,3,0,2,1,4,2,4,0
1069,0,5,3,4,1,3,1,0,0,5,0,4,2,3,7,7,0,2,1,4,3,3,1
1070,0,5,2,8,0,5,1,1,0,3,1,3,2,0,7,7,0,2,1,0,3,0,1
1071,1,2,3,8,1,6,1,0,1,4,0,3,2,2,7,7,0,2,1,4,3,4,1
1072,0,5,2,9,1,0,1,0,0,4,0,2,2,2,7,7,0,2,1,4,3,3,1
1073,0,5,0,3,1,5,1,0,0,7,1,1,2,2,6,7,0,2,1,4,2,5,0
1074,0,2,3,9,1,3,1,0,0,7,0,4,2,3,7,7,0,2,1,4,2,3,4
1075,0,2,2,3,0,5,1,1,0,4,1,3,0,2,7,7,0,2,1,0,2,0,1
1076,0,2,0,4,0,5,1,0,1,7,0,3,2,2,7,7,0,2,1,4,3,5,5
1077,1,2,3,8,1,6,1,0,1,5,0,3,2,2,7,7,0,2,1,4,3,4,1
1078,0,2,0,3,0,5,1,1,0,4,1,3,0,2,7,7,0,2,1,0,3,3,1
1079,0,5,3,4,1,3,1,0,0,7,0,4,2,3,7,7,0,2,1,4,2,3,4
1080,0,2,0,8,0,5,1,1,0,3,1,3,2,2,7,7,0,2,1,0,2,0,1
1081,1,2,3,4,1,6,1,0,1,4,0,3,2,2,7,7,0,2,1,4,3,4,5
1082,0,0,2,9,1,3,1,0,0,4,0,2,2,2,7,7,0,2,1,4,2,2,3
1083,0,2,0,3,0,5,1,1,0,5,1,3,0,0,7,7,0,2,1,0,2,3,1
1084,0,0,2,8,1,3,1,0,0,10,0,2,2,2,7,7,0,2,1,4,2,2,1
1085,0,2,0,3,0,5,1,1,0,7,1,3,2,0,7,7,0,2,1,0,3,3,1
1086,0,0,3,8,1,3,1,0,0,5,0,2,2,2,7,7,0,2,1,4,3,2,3
1087,0,5,3,8,1,3,1,0,0,10,0,2,2,2,7,7,0,2,1,4,2,2,3
1088,1,2,3,4,1,6,1,0,1,5,0,3,2,2,7,7,0,2,1,4,2,4,1
1089,0,5,3,9,1,3,1,0,0,10,0,2,2,2,7,7,0,2,1,4,2,3,1
1090,0,4,0,4,0,5,1,0,1,5,0,3,2,2,7,7,0,2,1,4,2,5,5
1091,0,5,3,4,1,0,1,0,0,5,0,4,2,3,7,7,0,2,1,4,2,5,1
1092,0,2,0,3,0,5,1,1,0,5,1,3,2,0,7,7,0,2,1,0,3,0,1
1093,0,2,0,9,1,3,1,1,1,5,1,1,2,2,7,7,0,2,1,4,6,4,0
1094,0,5,2,3,0,5,1,1,0,7,1,3,0,0,7,7,0,2,1,0,3,0,1
1095,1,2,3,4,1,6,1,0,1,5,0,3,2,2,7,7,0,2,1,4,2,4,5
1096,0,5,0,3,0,5,1,1,0,7,1,3,2,2,7,7,0,2,1,0,2,0,1
1097,0,5,2,3,0,5,1,1,0,3,1,3,0,2,7,7,0,2,1,0,2,0,1
1098,0,5,0,3,0,5,1,1,0,3,1,3,0,2,7,7,0,2,1,0,2,3,1
1099,1,5,3,4,1,6,1,0,1,5,0,3,2,2,7,7,0,2,1,4,3,3,1
1100,0,5,0,4,0,5,1,1,0,4,1,3,0,0,7,7,0,2,1,0,3,0,1
1101,0,2,2,8,0,5,1,1,0,4,1,3,0,2,7,7,0,2,1,0,3,3,1
1102,0,5,0,3,0,5,1,1,0,3,1,3,2,2,7,7,0,2,1,0,3,3,1
1103,1,5,3,4,1,6,1,0,1,10,0,3,2,2,7,7,0,2,1,4,3,3,1
1104,0,2,0,4,0,5,1,1,0,5,1,3,2,0,7,7,0,2,1,0,3,0,1
1105,0,2,2,8,0,5,1,1,0,5,1,3,0,2,7,7,0,2,1,0,2,0,1
1106,1,5,3,8,1,6,1,0,1,5,0,3,2,2,7,7,0,2,1,4,2,4,5
1107,0,2,0,3,0,5,1,1,0,4,1,3,2,0,7,7,0,2,1,0,3,0,1
1108,0,0,3,9,1,3,1,0,0,4,0,2,2,2,7,7,0,2,1,4,3,2,1
1109,0,5,2,4,0,5,1,1,0,3,1,3,0,0,7,7,0,2,1,0,3,0,1
1110,0,2,0,4,0,5,1,1,0,4,1,3,0,2,7,7,0,2,1,0,2,0,1
1111,1,2,2,8,1,6,1,0,1,5,0,3,2,2,7,7,0,2,1,4,2,3,1
1112,0,5,3,4,1,0,1,0,0,10,0,4,2,3,7,7,0,2,1,4,3,3,1
1113,0,2,0,8,0,5,1,1,0,4,1,3,0,2,7,7,0,2,1,0,2,0,1
1114,0,2,3,4,1,3,1,0,0,7,0,4,2,3,7,7,0,2,1,4,2,3,1
1115,0,2,0,3,0,5,1,1,0,7,1,3,2,2,7,7,0,2,1,0,2,3,1
1116,0,2,0,3,0,5,1,1,0,5,1,3,0,0,7,7,0,2,1,0,3,3,1
1117,0,2,2,3,0,5,1,1,0,3,1,3,0,0,7,7,0,2,1,0,3,3,1
1118,0,2,0,4,0,5,1,1,0,4,1,3,0,2,7,7,0,2,1,0,2,3,1
1119,0,5,2,3,0,5,1,1,0,3,1,3,2,2,7,7,0,2,1,0,3,3,1
1120,0,5,0,8,0,5,1,1,0,7,1,3,0,2,7,7,0,2,1,0,2,3,1
1121,0,2,0,8,0,5,1,1,0,4,1,3,2,0,7,7,0,2,1,0,2,0,1
1122,0,5,2,4,0,5,1,1,0,7,1,3,0,0,7,7,0,2,1,0,3,3,1
1123,0,5,0,4,1,5,1,0,0,7,1,1,2,2,6,6,0,2,1,4,2,4,0
1124,0,2,2,9,1,0,1,1,1,7,1,1,2,2,7,7,0,2,1,4,6,4,0
1125,0,5,0,8,0,5,1,1,0,7,1,3,2,2,7,7,0,2,1,0,2,3,1
1126,0,2,2,8,0,5,1,1,0,7,1,3,2,2,7,7,0,2,1,0,2,0,1
1127,0,0,2,9,1,0,1,0,0,4,0,2,2,2,7,7,0,2,1,4,3,2,1
1128,0,5,0,8,0,5,1,1,0,3,1,3,2,0,7,7,0,2,1,0,3,0,1
1129,0,5,0,3,0,5,1,1,0,4,1,3,2,0,7,7,0,2,1,0,2,0,1
1130,1,2,2,4,1,6,1,0,1,7,0,3,2,2,7,7,0,2,1,4,3,4,5
1131,0,5,0,3,0,5,1,1,0,5,1,3,0,2,7,7,0,2,1,0,2,0,1
1132,1,5,2,4,1,6,1,0,1,7,0,3,2,2,7,7,0,2,1,4,2,3,1
1133,0,2,2,8,0,5,1,1,0,4,1,3,0,0,7,7,0,2,1,0,3,3,1
1134,0,5,3,8,1,0,1,0,0,2,0,2,2,2,7,7,0,2,1,4,2,2,1
1135,0,5,0,4,0,5,1,1,0,3,1,3,2,2,7,7,0,2,1,0,2,3,1
1136,0,5,0,4,1,5,1,0,0,5,1,1,2,2,7,6,0,2,1,4,3,5,0
1137,0,0,3,9,1,3,1,0,0,10,0,2,2,2,7,7,0,2,1,4,3,3,1
1138,0,2,0,8,0,5,1,1,0,3,1,3,2,2,7,7,0,2,1,0,3,0,1
1139,0,5,2,4,0,5,1,1,0,5,1,3,0,2,7,7,0,2,1,0,3,0,1
1140,0,2,0,8,0,5,1,1,0,5,1,3,2,2,7,7,0,2,1,0,3,0,1
1141,0,5,0,4,1,5,1,0,0,7,1,1,2,2,7,6,0,2,1,4,3,4,0
1142,0,2,0,8,0,5,1,1,0,3,1,3,2,0,7,7,0,2,1,0,3,3,1
1143,0,5,2,8,0,5,1,1,0,4,1,3,2,0,7,7,0,2,1,0,2,0,1
1144,0,5,2,4,0,5,1,1,0,5,1,3,0,0,7,7,0,2,1,0,3,0,1
1145,0,5,0,8,0,5,1,1,0,5,1,3,0,2,7,7,0,2,1,0,3,3,1
1146,0,2,2,3,0,5,1,1,0,4,1,3,0,2,7,7,0,2,1,0,2,3,1
1147,0,5,0,3,0,5,1,1,0,5,1,3,2,2,7,7,0,2,1,0,3,0,1
1148,0,5,0,3,0,5,1,1,0,3,1,3,0,0,7,7,0,2,1,0,2,0,1
1149,0,2,2,4,0,5,1,1,0,3,1,3,0,2,7,7,0,2,1,0,2,0,1
1150,0,2,2,8,0,5,1,1,0,7,1,3,0,0,7,7,0,2,1,0,2,0,1
1151,0,2,3,4,1,0,1,0,0,5,0,4,2,3,7,7,0,2,1,4,2,5,4
1152,1,5,3,8,1,6,1,0,1,4,0,3,2,2,7,7,0,2,1,4,3,4,1
1153,0,2,2,3,0,5,1,1,0,3,1,3,0,2,7,7,0,2,1,0,2,0,1
1154,1,5,3,8,1,6,1,0,1,5,0,3,2,2,7,7,0,2,1,4,2,4,1
1155,0,0,3,8,1,0,1,0,0,4,0,2,2,2,7,7,0,2,1,4,3,3,3
1156,0,5,2,3,0,5,1,1,0,5,1,3,2,2,7,7,0,2,1,0,2,3,1
1157,0,2,0,3,0,5,1,1,0,3,1,3,2,0,7,7,0,2,1,0,2,0,1
1158,0,2,0,8,0,5,1,1,0,5,1,3,2,0,7,7,0,2,1,0,3,3,1
1159,0,2,2,3,0,5,1,1,0,3,1,3,0,0,7,7,0,2,1,0,2,3,1
1160,0,0,3,8,1,0,1,0,0,2,0,2,2,2,7,7,0,2,1,4,3,2,1
1161,0,5,0,3,0,5,1,1,0,5,1,3,0,2,7,7,0,2,1,0,2,3,1
1162,0,5,0,2,1,5,1,0,0,7,1,1,2,2,7,7,0,2,1,4,3,4,0
1163,0,5,3,9,1,0,1,0,0,7,0,4,2,3,7,7,0,2,1,4,2,3,4
1164,0,5,2,8,0,5,1,1,0,4,1,3,0,0,7,7,0,2,1,0,2,3,1
1165,0,0,2,8,1,0,1,0,0,10,0,2,2,2,7,7,0,2,1,4,3,2,3
1166,1,5,2,4,1,6,1,0,1,4,0,3,2,2,7,7,0,2,1,4,2,4,1
1167,0,5,0,4,1,5,1,0,0,7,1,1,2,2,6,6,0,2,1,4,2,5,0
1168,0,2,2,4,0,5,1,1,0,5,1,3,2,2,7,7,0,2,1,0,2,3,1
1169,0,0,2,8,1,0,1,0,0,2,0,2,2,2,7,7,0,2,1,4,3,2,3
1170,0,5,2,3,0,5,1,1,0,5,1,3,0,2,7,7,0,2,1,0,2,3,1
1171,0,5,0,4,1,5,1,0,0,9,1,1,2,2,6,3,0,2,1,4,2,4,0
1172,0,2,0,8,0,5,1,1,0,7,1,3,0,0,7,7,0,2,1,0,3,0,1
1173,0,5,0,4,0,5,1,0,1,2,0,3,2,2,7,7,0,2,1,4,2,4,5
1174,0,5,0,3,0,5,1,0,1,2,0,3,2,2,7,7,0,2,1,4,2,4,5
1175,0,5,0,3,0,5,1,0,1,7,0,3,2,2,7,7,0,2,1,4,2,5,5
1176,0,0,3,9,1,3,1,0,0,2,0,2,2,2,7,7,0,2,1,4,2,3,3
1177,0,2,0,4,0,5,1,0,1,2,0,3,2,2,7,7,0,2,1,4,3,4,5
1178,0,5,0,8,0,5,1,1,0,4,1,3,2,0,7,7,0,2,1,0,3,0,1
1179,0,2,3,4,1,0,1,0,0,10,0,4,2,3,7,7,0,2,1,4,2,3,4
1180,0,5,3,4,1,3,1,0,0,7,0,4,2,3,7,7,0,2,1,4,2,5,4
1181,0,5,3,9,1,3,1,0,0,7,0,4,2,3,7,7,0,2,1,4,2,5,1
1182,0,2,0,3,0,5,1,1,0,3,1,3,0,2,7,7,0,2,1,0,3,0,1
1183,0,5,3,8,1,0,1,0,0,5,0,2,2,2,7,7,0,2,1,4,2,2,1
1184,0,5,3,8,1,0,1,0,0,5,0,2,2,2,7,7,0,2,1,4,2,3,1
1185,0,2,2,8,0,5,1,1,0,5,1,3,0,0,7,7,0,2,1,0,3,0,1
1186,0,2,2,3,0,5,1,1,0,3,1,3,2,2,7,7,0,2,1,0,2,0,1
1187,1,2,2,4,1,6,1,0,1,7,0,3,2,2,7,7,0,2,1,4,2,4,5
1188,0,5,3,9,1,3,1,0,0,5,0,2,2,2,7,7,0,2,1,4,3,3,1
1189,0,5,0,4,0,5,1,1,0,7,1,3,2,2,7,7,0,2,1,0,3,3,1
1190,0,5,0,8,0,5,1,1,0,7,1,3,0,0,7,7,0,2,1,0,2,3,1
1191,0,5,2,9,1,3,1,0,0,10,0,2,2,2,7,7,0,2,1,4,3,3,3
1192,0,5,0,2,1,5,1,0,0,7,1,1,2,2,3,6,0,2,1,4,3,4,0
1193,0,2,3,4,1,3,1,0,0,7,0,4,2,3,7,7,0,2,1,4,3,3,4
1194,0,0,2,8,1,0,1,0,0,2,0,2,2,2,7,7,0,2,1,4,2,2,1
1195,1,5,2,4,1,6,1,0,1,4,0,3,2,2,7,7,0,2,1,4,2,3,1
1196,0,5,0,3,0,5,1,1,0,4,1,3,0,2,7,7,0,2,1,0,2,3,1
1197,0,0,3,8,1,0,1,0,0,5,0,2,2,2,7,7,0,2,1,4,3,2,3
1198,0,5,2,8,1,3,1,0,0,4,0,2,2,2,7,7,0,2,1,4,3,2,1
1199,0,0,3,9,1,3,1,0,0,4,0,2,2,2,7,7,0,2,1,4,2,3,3
1200,0,5,3,8,1,3,1,0,0,10,0,2,2,2,7,7,0,2,1,4,3,2,1
1201,0,5,2,9,1,0,1,0,0,2,0,2,2,2,7,7,0,2,1,4,3,2,1
1202,0,0,2,8,1,0,1,0,0,10,0,2,2,2,7,7,0,2,1,4,2,2,1
1203,0,2,2,4,0,5,1,1,0,4,1,3,2,2,7,7,0,2,1,0,2,3,1
1204,1,2,2,8,1,6,1,0,1,5,0,3,2,2,7,7,0,2,1,4,3,3,1
1205,0,2,2,4,0,5,1,1,0,3,1,3,2,2,7,7,0,2,1,0,3,0,1
1206,0,2,0,4,0,5,1,1,0,3,1,3,2,2,7,7,0,2,1,0,2,0,1
1207,1,2,3,8,1,6,1,0,1,7,0,3,2,2,7,7,0,2,1,4,2,3,5
1208,0,2,2,8,0,5,1,1,0,3,1,3,0,2,7,7,0,2,1,0,2,0,1
1209,0,5,0,8,0,5,1,1,0,7,1,3,2,2,7,7,0,2,1,0,3,3,1
1210,0,5,2,4,0,5,1,1,0,7,1,3,2,0,7,7,0,2,1,0,2,0,1
1211,0,2,2,4,0,5,1,1,0,7,1,3,2,2,7,7,0,2,1,0,2,0,1
1212,0,2,3,9,1,0,1,0,0,5,0,4,2,3,7,7,0,2,1,4,2,5,1
1213,0,5,0,3,0,5,1,1,0,5,1,3,0,0,7,7,0,2,1,0,2,0,1
1214,0,5,0,4,0,5,1,1,0,5,1,3,2,2,7,7,0,2,1,0,2,0,1
1215,1,2,2,4,1,6,1,0,1,4,0,3,2,2,7,7,0,2,1,4,3,4,1
1216,0,5,2,8,0,5,1,1,0,7,1,3,0,0,7,7,0,2,1,0,3,0,1
1217,0,2,0,4,0,5,1,1,0,7,1,3,0,2,7,7,0,2,1,0,2,3,1
1218,0,2,0,8,0,5,1,1,0,3,1,3,0,0,7,7,0,2,1,0,3,0,1
1219,0,2,0,8,0,5,1,1,0,4,1,3,0,0,7,7,0,2,1,0,3,3,1
1220,0,5,3,9,1,0,1,0,0,5,0,4,2,3,7,7,0,2,1,4,2,3,1
1221,0,5,2,3,0,5,1,1,0,4,1,3,0,0,7,7,0,2,1,0,3,3,1
1222,0,5,0,3,0,5,1,1,0,4,1,3,0,0,7,7,0,2,1,0,3,0,1
1223,0,2,0,4,0,5,1,1,0,3,1,3,0,0,7,7,0,2,1,0,2,3,1
1224,0,2,2,4,0,5,1,1,0,7,1,3,0,2,7,7,0,2,1,0,2,0,1
1225,0,5,0,8,0,5,1,1,0,4,1,3,2,2,7,7,0,2,1,0,2,3,1
1226,0,5,3,2,1,5,1,0,0,10,1,1,2,2,3,6,0,2,1,4,3,4,0
1227,0,5,0,4,0,5,1,1,0,7,1,3,2,2,7,7,0,2,1,0,2,0,1
1228,1,5,2,8,1,6,1,0,1,7,0,3,2,2,7,7,0,2,1,4,3,4,1
1229,0,5,3,4,1,5,1,0,0,10,1,1,2,2,6,3,0,2,1,4,2,5,0
1230,0,5,0,4,0,5,1,1,0,5,1,3,2,0,7,7,0,2,1,0,3,3,1
1231,1,2,3,8,1,6,1,0,1,10,0,3,2,2,7,7,0,2,1,4,3,3,1
1232,0,2,0,3,0,5,1,1,0,4,1,3,0,2,7,7,0,2,1,0,2,0,1
1233,0,5,0,8,0,5,1,1,0,7,1,3,0,0,7,7,0,2,1,0,3,0,1
1234,0,2,2,4,0,5,1,1,0,3,1,3,2,0,7,7,0,2,1,0,2,0,1
1235,0,2,0,3,0,5,1,1,0,7,1,3,2,0,7,7,0,2,1,0,2,0,1
1236,0,2,2,3,0,5,1,1,0,7,1,3,0,2,7,7,0,2,1,0,2,0,1
1237,0,2,0,3,0,5,1,1,0,3,1,3,2,0,7,7,0,2,1,0,3,3,1
1238,0,5,2,3,0,5,1,1,0,3,1,3,2,0,7,7,0,2,1,0,3,3,1
1239,0,5,2,4,0,5,1,1,0,3,1,3,2,0,7,7,0,2,1,0,2,3,1
1240,1,2,2,8,1,6,1,0,1,7,0,3,2,2,7,7,0,2,1,4,2,4,5
1241,0,5,2,3,0,5,1,1,0,4,1,3,0,0,7,7,0,2,1,0,3,0,1
1242,1,5,2,8,1,6,1,0,1,7,0,3,2,2,7,7,0,2,1,4,2,3,1
1243,1,2,2,8,1,6,1,0,1,10,0,3,2,2,7,7,0,2,1,4,3,3,5
1244,0,2,2,4,0,5,1,1,0,4,1,3,2,0,7,7,0,2,1,0,3,3,1
1245,0,5,0,3,0,5,1,1,0,4,1,3,2,2,7,7,0,2,1,0,2,0,1
1246,0,2,2,3,0,5,1,1,0,3,1,3,2,2,7,7,0,2,1,0,3,0,1
1247,0,5,2,3,0,5,1,1,0,4,1,3,2,2,7,7,0,2,1,0,2,0,1
1248,0,2,0,3,0,5,1,1,0,5,1,3,0,2,7,7,0,2,1,0,2,0,1
1249,0,2,0,3,0,5,1,1,0,4,1,3,0,2,7,7,0,2,1,0,3,0,1
1250,0,5,3,3,1,5,1,0,0,5,1,1,2,2,3,6,0,2,1,4,3,5,0
1251,0,5,0,4,1,5,1,0,0,5,1,1,2,2,7,7,0,2,1,4,3,4,0
1252,0,2,2,8,0,5,1,1,0,4,1,3,2,0,7,7,0,2,1,0,3,0,1
1253,1,2,3,8,1,6,1,0,1,7,0,3,2,2,7,7,0,2,1,4,3,4,1
1254,1,2,3,4,1,6,1,0,1,4,0,3,2,2,7,7,0,2,1,4,3,3,1
1255,0,5,2,8,0,5,1,1,0,7,1,3,0,2,7,7,0,2,1,0,3,0,1
1256,1,2,2,4,1,6,1,0,1,4,0,3,2,2,7,7,0,2,1,4,3,3,1
1257,0,2,0,4,0,5,1,1,0,3,1,3,2,0,7,7,0,2,1,0,2,3,1
1258,0,2,2,8,0,5,1,1,0,3,1,3,0,2,7,7,0,2,1,0,3,0,1
1259,1,2,2,4,1,6,1,0,1,10,0,3,2,2,7,7,0,2,1,4,2,4,1
1260,1,2,3,8,1,6,1,0,1,7,0,3,2,2,7,7,0,2,1,4,2,4,1
1261,1,2,3,4,1,6,1,0,1,10,0,3,2,2,7,7,0,2,1,4,2,4,1
1262,1,2,2,8,1,6,1,0,1,4,0,3,2,2,7,7,0,2,1,4,2,3,1
1263,0,5,2,8,0,5,1,1,0,4,1,3,0,0,7,7,0,2,1,0,2,0,1
1264,0,5,0,4,1,5,1,0,0,7,1,1,2,2,3,6,0,2,1,4,3,4,0
1265,0,2,2,8,0,5,1,1,0,4,1,3,0,0,7,7,0,2,1,0,3,0,1
1266,0,2,0,3,0,5,1,1,0,7,1,3,0,2,7,7,0,2,1,0,2,0,1
1267,1,2,3,4,1,6,1,0,1,4,0,3,2,2,7,7,0,2,1,4,2,4,5
1268,0,5,2,8,0,5,1,1,0,4,1,3,0,0,7,7,0,2,1,0,3,3,1
1269,0,5,3,2,1,5,1,0,0,5,1,1,2,2,6,7,0,2,1,4,3,5,0
1270,0,2,2,3,0,5,1,1,0,5,1,3,0,2,7,7,0,2,1,0,2,3,1
1271,0,5,2,8,0,5,1,1,0,5,1,3,0,0,7,7,0,2,1,0,3,3,1
1272,1,2,2,8,1,6,1,0,1,7,0,3,2,2,7,7,0,2,1,4,3,3,1
1273,0,2,0,4,0,5,1,1,0,4,1,3,0,2,7,7,0,2,1,0,3,0,1
1274,0,5,0,8,0,5,1,1,0,3,1,3,2,2,7,7,0,2,1,0,2,3,1
1275,1,2,2,8,1,6,1,0,1,4,0,3,2,2,7,7,0,2,1,4,2,3,5
1276,0,5,0,4,0,5,1,1,0,7,1,3,2,0,7,7,0,2,1,0,3,0,1
1277,0,2,0,8,0,5,1,1,0,5,1,3,2,2,7,7,0,2,1,0,3,3,1
1278,0,5,2,8,0,5,1,1,0,3,1,3,2,2,7,7,0,2,1,0,2,3,1
1279,0,2,2,8,0,5,1,1,0,3,1,3,0,2,7,7,0,2,1,0,3,3,1
1280,0,0,3,9,1,0,1,0,0,10,0,2,2,2,7,7,0,2,1,4,2,2,3
1281,0,5,2,3,0,5,1,1,0,5,1,3,2,2,7,7,0,2,1,0,3,0,1
1282,0,5,0,8,0,5,1,1,0,5,1,3,2,0,7,7,0,2,1,0,2,3,1
1283,0,5,2,4,0,5,1,1,0,5,1,3,0,2,7,7,0,2,1,0,3,3,1
1284,0,5,0,4,0,5,1,1,0,5,1,3,0,2,7,7,0,2,1,0,2,0,1
1285,0,2,0,3,0,5,1,1,0,3,1,3,0,0,7,7,0,2,1,0,2,0,1
1286,1,5,3,4,1,6,1,0,1,5,0,3,2,2,7,7,0,2,1,4,2,3,5
1287,0,2,2,3,0,5,1,1,0,3,1,3,0,2,7,7,0,2,1,0,2,3,1
1288,0,5,0,4,1,5,1,0,0,7,1,1,2,2,7,3,0,2,1,4,2,5,0
1289,0,2,2,8,0,5,1,1,0,5,1,3,2,0,7,7,0,2,1,0,2,0,1
1290,0,5,0,4,1,5,1,0,0,5,1,1,2,2,3,3,0,2,1,4,2,4,0
1291,0,5,0,3,0,5,1,1,0,7,1,3,0,2,7,7,0,2,1,0,3,0,1
1292,0,5,0,8,0,5,1,1,0,5,1,3,2,0,7,7,0,2,1,0,2,0,1
1293,1,2,2,8,1,6,1,0,1,4,0,3,2,2,7,7,0,2,1,4,3,4,1
1294,1,2,2,8,1,6,1,0,1,7,0,3,2,2,7,7,0,2,1,4,2,4,1
1295,0,5,2,3,0,5,1,1,0,4,1,3,0,2,7,7,0,2,1,0,3,0,1
1296,0,5,0,4,1,5,1,0,0,9,1,1,2,2,3,6,0,2,1,4,3,4,0
1297,0,5,2,3,0,5,1,1,0,4,1,3,2,0,7,7,0,2,1,0,2,3,1
1298,0,5,3,9,1,0,1,0,0,10,0,4,2,3,7,7,0,2,1,4,2,3,4
1299,0,2,2,8,0,5,1,1,0,5,1,3,2,2,7,7,0,2,1,0,3,0,1
1300,0,5,2,8,0,5,1,1,0,7,1,3,2,2,7,7,0,2,1,0,3,0,1
1301,0,5,0,3,0,5,1,1,0,4,1,3,0,2,7,7,0,2,1,0,2,0,1
1302,0,2,2,8,0,5,1,1,0,3,1,3,2,0,7,7,0,2,1,0,3,3,1
1303,0,5,0,4,1,5,1,0,0,5,1,1,2,2,7,7,0,2,1,4,3,5,0
1304,0,2,2,3,0,5,1,1,0,4,1,3,2,0,7,7,0,2,1,0,3,0,1
1305,0,2,2,3,0,5,1,1,0,3,1,3,2,2,7,7,0,2,1,0,3,3,1
1306,0,2,0,4,0,5,1,1,0,7,1,3,0,2,7,7,0,2,1,0,3,3,1
1307,0,2,2,8,0,5,1,1,0,4,1,3,2,0,7,7,0,2,1,0,3,3,1
1308,0,2,2,8,0,5,1,1,0,3,1,3,2,2,7,7,0,2,1,0,3,0,1
1309,0,2,2,3,0,5,1,1,0,7,1,3,2,2,7,7,0,2,1,0,3,3,1
1310,0,2,0,8,0,5,1,1,0,5,1,3,0,0,7,7,0,2,1,0,3,3,1
1311,0,2,2,4,0,5,1,1,0,7,1,3,2,0,7,7,0,2,1,0,3,0,1
1312,1,2,2,8,1,6,1,0,1,4,0,3,2,2,7,7,0,2,1,4,3,3,1
1313,0,5,0,3,0,5,1,1,0,5,1,3,0,2,7,7,0,2,1,0,3,0,1
1314,0,0,3,9,1,3,1,0,0,4,0,2,2,2,7,7,0,2,1,4,2,2,1
1315,0,2,0,4,0,5,1,1,0,4,1,3,0,0,7,7,0,2,1,0,3,3,1
1316,0,2,2,3,0,5,1,1,0,4,1,3,2,2,7,7,0,2,1,0,3,3,1
1317,0,5,0,4,1,5,1,0,0,5,1,1,2,2,7,3,0,2,1,4,2,5,0
1318,0,0,2,9,1,3,1,0,0,5,0,2,2,2,7,7,0,2,1,4,2,3,3
1319,0,5,2,8,0,5,1,1,0,7,1,3,2,2,7,7,0,2,1,0,2,3,1
1320,0,2,0,4,1,5,1,0,0,5,1,1,2,2,7,6,0,2,1,4,3,5,0
1321,1,5,2,8,1,6,1,0,1,5,0,3,2,2,7,7,0,2,1,4,3,3,1
1322,0,2,0,8,0,5,1,1,0,5,1,3,0,2,7,7,0,2,1,0,2,3,1
1323,1,2,3,8,1,6,1,0,1,4,0,3,2,2,7,7,0,2,1,4,3,3,5
1324,0,5,2,4,0,5,1,1,0,4,1,3,0,2,7,7,0,2,1,0,3,0,1
1325,0,2,2,4,0,5,1,1,0,5,1,3,2,0,7,7,0,2,1,0,2,0,1
1326,0,0,2,9,1,3,1,0,0,2,0,2,2,2,7,7,0,2,1,4,2,2,1
1327,0,2,2,3,0,5,1,1,0,4,1,3,0,0,7,7,0,2,1,0,3,0,1
1328,0,5,2,3,0,5,1,1,0,4,1,3,2,0,7,7,0,2,1,0,3,0,1
1329,0,2,0,3,0,5,1,1,0,4,1,3,0,0,7,7,0,2,1,0,2,3,1
1330,0,5,0,3,0,5,1,1,0,4,1,3,2,2,7,7,0,2,1,0,2,3,1
1331,0,2,2,8,0,5,1,1,0,5,1,3,2,2,7,7,0,2,1,0,2,0,1
1332,1,2,2,4,1,6,1,0,1,4,0,3,2,2,7,7,0,2,1,4,2,4,1
1333,0,2,0,3,0,5,1,1,0,7,1,3,2,0,7,7,0,2,1,0,3,0,1
1334,0,2,2,8,0,5,1,1,0,3,1,3,2,2,7,7,0,2,1,0,2,0,1
1335,0,5,0,4,1,5,1,0,0,5,1,1,2,2,6,3,0,2,1,4,2,5,0
1336,0,5,2,4,0,5,1,1,0,7,1,3,2,0,7,7,0,2,1,0,3,0,1
1337,0,5,0,2,1,5,1,0,0,9,1,1,2,2,7,6,0,2,1,4,3,5,0
1338,0,5,3,9,1,0,1,0,0,5,0,2,2,2,7,7,0,2,1,4,3,2,1
1339,0,2,0,8,0,5,1,1,0,4,1,3,0,2,7,7,0,2,1,0,2,3,1
1340,0,5,2,8,0,5,1,1,0,5,1,3,2,0,7,7,0,2,1,0,2,0,1
1341,0,2,0,4,0,5,1,1,0,3,1,3,0,2,7,7,0,2,1,0,3,0,1
1342,1,2,2,8,1,6,1,0,1,10,0,3,2,2,7,7,0,2,1,4,2,3,5
1343,0,2,0,3,1,5,1,0,0,5,1,1,2,2,7,3,0,2,1,4,3,5,0
1344,0,2,2,8,0,5,1,1,0,5,1,3,2,2,7,7,0,2,1,0,3,3,1
1345,0,2,0,8,0,5,1,1,0,3,1,3,2,0,7,7,0,2,1,0,2,0,1
1346,1,2,3,4,1,6,1,0,1,4,0,3,2,2,7,7,0,2,1,4,3,4,1
1347,0,5,2,8,0,5,1,1,0,7,1,3,0,0,7,7,0,2,1,0,2,3,1
1348,0,5,0,4,1,5,1,0,0,7,1,1,2,2,3,7,0,2,1,4,3,5,0
1349,0,5,3,3,1,5,1,0,0,9,1,1,2,2,7,6,0,2,1,4,3,4,0
1350,0,5,3,3,1,5,1,0,0,7,1,1,2,2,7,3,0,2,1,4,3,4,0
1351,0,2,2,4,0,5,1,1,0,4,1,3,0,0,7,7,0,2,1,0,3,3,1
1352,0,2,2,8,0,5,1,1,0,3,1,3,0,0,7,7,0,2,1,0,3,3,1
1353,0,2,2,4,0,5,1,1,0,4,1,3,2,0,7,7,0,2,1,0,3,0,1
1354,0,5,2,4,0,5,1,1,0,7,1,3,0,0,7,7,0,2,1,0,2,0,1
1355,0,2,0,8,0,5,1,1,0,3,1,3,0,0,7,7,0,2,1,0,2,0,1
1356,0,5,0,4,0,5,1,1,0,5,1,3,0,0,7,7,0,2,1,0,2,3,1
1357,0,2,0,8,0,5,1,1,0,7,1,3,2,2,7,7,0,2,1,0,2,0,1
1358,0,2,0,4,0,5,1,1,0,5,1,3,0,2,7,7,0,2,1,0,3,0,1
1359,0,2,2,8,0,5,1,1,0,5,1,3,0,2,7,7,0,2,1,0,2,3,1
1360,0,2,0,4,0,5,1,1,0,7,1,3,0,2,7,7,0,2,1,0,3,0,1
1361,1,2,3,4,1,6,1,0,1,10,0,3,2,2,7,7,0,2,1,4,2,4,5
1362,0,2,0,8,0,5,1,1,0,4,1,3,2,2,7,7,0,2,1,0,2,0,1
1363,0,2,2,8,0,5,1,1,0,7,1,3,2,0,7,7,0,2,1,0,3,3,1
1364,0,5,0,4,0,5,1,1,0,4,1,3,2,0,7,7,0,2,1,0,3,0,1
1365,0,2,0,8,0,5,1,1,0,7,1,3,0,0,7,7,0,2,1,0,3,3,1
1366,0,5,0,3,0,5,1,1,0,5,1,3,2,0,7,7,0,2,1,0,2,0,1
1367,0,2,2,4,0,5,1,1,0,7,1,3,2,2,7,7,0,2,1,0,3,0,1
1368,0,5,0,3,1,5,1,0,0,5,1,1,2,2,3,3,0,2,1,4,2,4,0
1369,0,2,0,8,0,5,1,1,0,5,1,3,0,2,7,7,0,2,1,0,3,0,1
1370,0,2,0,4,0,5,1,1,0,7,1,3,0,0,7,7,0,2,1,0,2,3,1
1371,0,5,2,4,0,5,1,1,0,7,1,3,2,2,7,7,0,2,1,0,2,3,1
1372,0,5,0,8,0,5,1,1,0,3,1,3,2,0,7,7,0,2,1,0,2,3,1
1373,0,0,2,9,1,3,1,0,0,2,0,2,2,2,7,7,0,2,1,4,2,3,1
1374,1,5,3,4,1,6,1,0,1,7,0,3,2,2,7,7,0,2,1,4,2,3,1
1375,1,2,2,4,1,6,1,0,1,7,0,3,2,2,7,7,0,2,1,4,2,4,1
1376,0,2,0,8,0,5,1,1,0,4,1,3,2,0,7,7,0,2,1,0,2,3,1
1377,0,2,0,4,0,5,1,1,0,4,1,3,2,2,7,7,0,2,1,0,2,3,1
1378,1,2,3,4,1,6,1,0,1,4,0,3,2,2,7,7,0,2,1,4,2,3,1
1379,0,2,0,4,0,5,1,1,0,7,1,3,2,0,7,7,0,2,1,0,2,3,1
1380,1,5,2,8,1,6,1,0,1,5,0,3,2,2,7,7,0,2,1,4,3,4,5
1381,0,2,2,4,0,5,1,1,0,4,1,3,2,2,7,7,0,2,1,0,3,0,1
1382,1,2,3,8,1,6,1,0,1,5,0,3,2,2,7,7,0,2,1,4,3,4,5
1383,0,2,2,4,0,5,1,1,0,5,1,3,0,2,7,7,0,2,1,0,2,0,1
1384,0,2,2,3,0,5,1,1,0,3,1,3,0,0,7,7,0,2,1,0,2,0,1
1385,0,5,0,3,0,5,1,1,0,3,1,3,2,0,7,7,0,2,1,0,2,0,1
1386,0,2,0,4,0,5,1,1,0,4,1,3,2,2,7,7,0,2,1,0,3,3,1
1387,0,5,0,3,1,5,1,0,0,10,1,1,2,2,7,6,0,2,1,4,3,4,0
1388,0,5,0,4,1,5,1,0,0,7,1,1,2,2,3,6,0,2,1,4,2,4,0
1389,0,5,0,4,0,5,1,1,0,4,1,3,2,0,7,7,0,2,1,0,3,3,1
1390,0,5,0,3,1,5,1,0,0,10,1,1,2,2,3,7,0,2,1,4,2,5,0
1391,0,5,2,8,0,5,1,1,0,3,1,3,2,2,7,7,0,2,1,0,3,3,1
1392,0,2,2,8,0,5,1,1,0,3,1,3,0,0,7,7,0,2,1,0,2,0,1
1393,0,5,2,8,0,5,1,1,0,7,1,3,0,2,7,7,0,2,1,0,2,3,1
1394,0,2,0,3,0,5,1,1,0,4,1,3,2,0,7,7,0,2,1,0,2,3,1
1395,0,5,0,4,1,5,1,0,0,7,1,1,2,2,7,6,0,2,1,4,3,5,0
1396,0,5,2,8,0,5,1,1,0,4,1,3,2,0,7,7,0,2,1,0,3,3,1
1397,0,5,2,4,0,5,1,1,0,3,1,3,0,2,7,7,0,2,1,0,2,3,1
1398,0,2,2,3,0,5,1,1,0,7,1,3,2,0,7,7,0,2,1,0,3,3,1
1399,1,2,3,8,1,6,1,0,1,4,0,3,2,2,7,7,0,2,1,4,3,3,1
1400,0,2,2,4,0,5,1,1,0,4,1,3,2,0,7,7,0,2,1,0,2,3,1
1401,0,2,3,9,1,0,1,0,0,7,0,4,2,3,7,7,0,2,1,4,3,5,1
1402,0,5,0,3,1,5,1,0,0,5,1,1,2,2,3,6,0,2,1,4,2,5,0
1403,0,2,2,3,0,5,1,1,0,5,1,3,2,2,7,7,0,2,1,0,3,0,1
1404,0,5,2,3,0,5,1,1,0,3,1,3,0,2,7,7,0,2,1,0,3,0,1
1405,1,2,3,8,1,6,1,0,1,7,0,3,2,2,7,7,0,2,1,4,3,3,5
1406,0,5,2,8,0,5,1,1,0,3,1,3,0,0,7,7,0,2,1,0,2,0,1
1407,0,5,2,8,0,5,1,1,0,7,1,3,2,2,7,7,0,2,1,0,2,0,1
1408,0,2,2,3,0,5,1,1,0,5,1,3,2,2,7,7,0,2,1,0,2,0,1
1409,0,2,2,4,0,5,1,1,0,5,1,3,2,2,7,7,0,2,1,0,3,3,1
1410,0,5,0,4,0,5,1,1,0,4,1,3,0,0,7,7,0,2,1,0,2,3,1
1411,0,2,2,4,0,5,1,1,0,7,1,3,2,0,7,7,0,2,1,0,2,3,1
1412,0,2,2,4,0,5,1,1,0,5,1,3,0,0,7,7,0,2,1,0,3,0,1
1413,0,5,0,8,0,5,1,1,0,5,1,3,2,0,7,7,0,2,1,0,3,0,1
1414,0,2,0,8,0,5,1,1,0,4,1,3,0,2,7,7,0,2,1,0,3,0,1
1415,0,2,0,4,0,5,1,1,0,3,1,3,2,0,7,7,0,2,1,0,2,0,1
1416,0,5,3,8,1,3,1,0,0,2,0,2,2,2,7,7,0,2,1,4,3,3,3
1417,0,5,2,4,0,5,1,1,0,5,1,3,0,2,7,7,0,2,1,0,2,0,1
1418,0,5,2,3,0,5,1,1,0,3,1,3,0,0,7,7,0,2,1,0,3,3,1
1419,0,2,2,8,0,5,1,1,0,4,1,3,0,2,7,7,0,2,1,0,2,0,1
1420,1,5,2,8,1,6,1,0,1,10,0,3,2,2,7,7,0,2,1,4,3,3,5
1421,0,5,2,8,0,5,1,1,0,7,1,3,2,0,7,7,0,2,1,0,2,3,1
1422,0,5,0,4,1,5,1,0,0,5,1,1,2,2,3,6,0,2,1,4,3,4,0
1423,0,2,0,3,0,5,1,1,0,5,1,3,2,2,7,7,0,2,1,0,3,3,1
1424,0,5,2,3,0,5,1,1,0,5,1,3,2,0,7,7,0,2,1,0,2,0,1
1425,0,2,0,4,0,5,1,1,0,5,1,3,2,2,7,7,0,2,1,0,3,0,1
1426,0,2,2,4,0,5,1,1,0,7,1,3,2,2,7,7,0,2,1,0,3,3,1
1427,0,5,2,3,0,5,1,1,0,3,1,3,0,0,7,7,0,2,1,0,2,3,1
1428,0,2,3,4,1,3,1,0,0,5,0,4,2,3,7,7,0,2,1,4,2,3,4
1429,1,2,3,4,1,6,1,0,1,7,0,3,2,2,7,7,0,2,1,4,2,4,5
1430,0,5,2,4,0,5,1,1,0,7,1,3,2,0,7,7,0,2,1,0,3,3,1
1431,0,5,0,4,1,5,1,0,0,7,1,1,2,2,7,7,0,2,1,4,2,4,0
1432,1,2,3,8,1,6,1,0,1,10,0,3,2,2,7,7,0,2,1,4,2,3,1
1433,1,5,2,8,1,6,1,0,1,7,0,3,2,2,7,7,0,2,1,4,2,3,5
1434,1,2,2,4,1,6,1,0,1,7,0,3,2,2,7,7,0,2,1,4,3,3,5
1435,0,5,0,4,1,5,1,0,0,9,1,1,2,2,3,6,0,2,1,4,2,5,0
1436,0,0,3,8,1,3,1,0,0,2,0,2,2,2,7,7,0,2,1,4,2,2,3
1437,1,2,3,8,1,6,1,0,1,4,0,3,2,2,7,7,0,2,1,4,2,3,1
1438,0,2,0,8,0,5,1,1,0,7,1,3,2,0,7,7,0,2,1,0,2,0,1
1439,0,5,2,8,0,5,1,1,0,5,1,3,0,2,7,7,0,2,1,0,3,3,1
1440,0,5,0,4,1,5,1,0,0,5,1,1,2,2,3,6,0,2,1,4,2,5,0
1441,0,5,2,4,0,5,1,1,0,3,1,3,0,2,7,7,0,2,1,0,2,0,1
1442,0,2,0,4,0,5,1,1,0,7,1,3,2,2,7,7,0,2,1,0,2,3,1
1443,0,2,0,4,0,5,1,1,0,5,1,3,0,0,7,7,0,2,1,0,3,3,1
1444,1,2,3,4,1,6,1,0,1,7,0,3,2,2,7,7,0,2,1,4,3,3,5
1445,1,2,3,8,1,6,1,0,1,10,0,3,2,2,7,7,0,2,1,4,2,4,1
1446,0,5,2,4,0,5,1,1,0,7,1,3,2,0,7,7,0,2,1,0,2,3,1
1447,0,2,0,3,0,5,1,1,0,7,1,3,0,0,7,7,0,2,1,0,3,3,1
1448,0,5,0,4,1,5,1,0,0,5,1,1,2,2,6,3,0,2,1,4,2,4,0
1449,0,2,2,3,0,5,1,1,0,4,1,3,0,2,7,7,0,2,1,0,3,3,1
1450,0,2,0,4,0,5,1,1,0,3,1,3,0,2,7,7,0,2,1,0,2,0,1
1451,1,2,2,4,1,6,1,0,1,4,0,3,2,2,7,7,0,2,1,4,3,4,5
1452,0,5,0,4,0,5,1,1,0,5,1,3,0,0,7,7,0,2,1,0,3,0,1
1453,1,2,3,4,1,6,1,0,1,7,0,3,2,2,7,7,0,2,1,4,3,4,1
1454,0,5,2,3,0,5,1,1,0,5,1,3,0,0,7,7,0,2,1,0,2,0,1
1455,0,2,0,8,0,5,1,1,0,7,1,3,0,0,7,7,0,2,1,0,2,3,1
1456,0,5,2,8,0,5,1,1,0,5,1,3,2,2,7,7,0,2,1,0,3,0,1
1457,0,5,0,4,1,5,1,0,0,5,1,1,2,2,6,6,0,2,1,4,3,5,0
1458,0,5,2,4,0,5,1,1,0,3,1,3,0,2,7,7,0,2,1,0,3,3,1
1459,1,2,2,8,1,6,1,0,1,4,0,3,2,2,7,7,0,2,1,4,3,3,5
1460,0,5,0,4,1,5,1,0,0,7,1,1,2,2,7,3,0,2,1,4,3,4,0
1461,0,5,2,8,0,5,1,1,0,5,1,3,0,0,7,7,0,2,1,0,2,3,1
1462,0,2,2,8,0,5,1,1,0,4,1,3,0,2,7,7,0,2,1,0,2,3,1
1463,0,5,2,8,1,0,1,1,1,5,1,1,2,2,7,7,0,2,1,4,6,4,0
1464,0,5,0,4,0,5,1,1,0,7,1,3,0,0,7,7,0,2,1,0,3,3,1
1465,0,5,3,3,1,5,1,0,0,7,1,1,2,2,3,7,0,2,1,4,2,4,0
1466,0,5,0,4,1,5,1,0,0,5,1,1,2,2,3,3,0,2,1,4,3,5,0
1467,0,5,2,9,1,0,1,1,1,7,1,1,2,2,7,7,0,2,1,4,6,4,0
1468,0,2,0,3,0,5,1,1,0,3,1,3,2,2,7,7,0,2,1,0,2,0,1
1469,0,5,2,4,0,5,1,1,0,5,1,3,2,2,7,7,0,2,1,0,2,3,1
1470,0,5,3,2,1,5,1,0,0,9,1,1,2,2,3,7,0,2,1,4,3,5,0
1471,0,2,2,3,0,5,1,1,0,7,1,3,0,0,7,7,0,2,1,0,2,0,1
1472,1,2,2,8,1,6,1,0,1,5,0,3,2,2,7,7,0,2,1,4,2,4,5
1473,0,2,0,8,0,5,1,1,0,7,1,3,2,0,7,7,0,2,1,0,3,3,1
1474,0,5,0,3,0,5,1,1,0,3,1,3,2,2,7,7,0,2,1,0,3,0,1
1475,0,2,0,4,0,5,1,1,0,4,1,3,2,0,7,7,0,2,1,0,3,3,1
1476,0,2,2,4,0,5,1,1,0,7,1,3,0,0,7,7,0,2,1,0,2,0,1
1477,0,5,0,8,0,5,1,1,0,4,1,3,0,0,7,7,0,2,1,0,3,0,1
1478,1,2,3,8,1,6,1,0,1,7,0,3,2,2,7,7,0,2,1,4,2,3,1
1479,0,5,0,8,0,5,1,1,0,4,1,3,0,2,7,7,0,2,1,0,3,3,1
1480,0,2,2,4,0,5,1,1,0,4,1,3,0,0,7,7,0,2,1,0,3,0,1
1481,0,5,2,4,0,5,1,1,0,5,1,3,0,2,7,7,0,2,1,0,2,3,1
1482,0,5,0,3,0,5,1,1,0,7,1,3,2,2,7,7,0,2,1,0,2,3,1
1483,0,5,2,4,0,5,1,1,0,4,1,3,2,2,7,7,0,2,1,0,2,0,1
1484,0,2,3,9,1,3,1,0,0,5,0,4,2,3,7,7,0,2,1,4,2,5,1
1485,1,5,3,4,1,6,1,0,1,5,0,3,2,2,7,7,0,2,1,4,2,4,5
1486,0,5,0,8,0,5,1,1,0,7,1,3,2,0,7,7,0,2,1,0,2,0,1
1487,0,2,2,8,0,5,1,1,0,4,1,3,0,0,7,7,0,2,1,0,2,3,1
1488,0,5,2,4,0,5,1,1,0,3,1,3,2,0,7,7,0,2,1,0,3,3,1
1489,1,2,3,4,1,6,1,0,1,7,0,3,2,2,7,7,0,2,1,4,3,3,1
1490,0,2,0,3,0,5,1,1,0,7,1,3,0,2,7,7,0,2,1,0,2,3,1
1491,1,2,2,8,1,6,1,0,1,7,0,3,2,2,7,7,0,2,1,4,3,3,5
1492,0,2,2,4,0,5,1,1,0,5,1,3,0,2,7,7,0,2,1,0,2,3,1
1493,0,5,2,3,0,5,1,1,0,7,1,3,0,2,7,7,0,2,1,0,2,3,1
1494,0,5,0,3,0,5,1,1,0,5,1,3,2,2,7,7,0,2,1,0,2,0,1
1495,0,2,0,4,0,5,1,1,0,5,1,3,2,2,7,7,0,2,1,0,2,3,1
1496,0,2,2,3,0,5,1,1,0,3,1,3,2,0,7,7,0,2,1,0,3,3,1
1497,0,5,2,8,0,5,1,1,0,7,1,3,2,0,7,7,0,2,1,0,3,3,1
1498,0,5,0,4,0,5,1,1,0,4,1,3,2,0,7,7,0,2,1,0,2,0,1
1499,0,5,0,3,0,5,1,1,0,7,1,3,2,0,7,7,0,2,1,0,2,3,1
1500,0,2,0,4,0,5,1,1,0,7,1,3,2,2,7,7,0,2,1,0,3,0,1
1501,0,0,3,9,1,0,1,0,0,5,0,2,2,2,7,7,0,2,1,4,2,2,3
1502,0,2,0,3,0,5,1,1,0,4,1,3,2,0,7,7,0,2,1,0,3,3,1
1503,0,5,0,3,0,5,1,1,0,3,1,3,2,2,7,7,0,2,1,0,2,0,1
1504,0,2,0,8,0,5,1,1,0,5,1,3,0,0,7,7,0,2,1,0,3,0,1
1505,0,5,0,4,1,5,1,0,0,7,1,1,2,2,6,6,0,2,1,4,3,5,0
1506,1,2,2,4,1,6,1,0,1,10,0,3,2,2,7,7,0,2,1,4,2,3,5
1507,0,5,0,4,1,5,1,0,0,7,1,1,2,2,6,3,0,2,1,4,3,5,0
1508,0,5,0,4,0,5,1,1,0,3,1,3,0,0,7,7,0,2,1,0,3,0,1
1509,0,5,0,4,1,5,1,0,0,7,1,1,2,2,7,6,0,2,1,4,2,5,0
1510,0,5,0,8,0,5,1,1,0,5,1,3,0,2,7,7,0,2,1,0,3,0,1
1511,0,2,2,3,0,5,1,1,0,4,1,3,2,2,7,7,0,2,1,0,2,3,1
1512,0,2,2,4,0,5,1,1,0,3,1,3,2,2,7,7,0,2,1,0,2,0,1
1513,0,5,3,9,1,0,1,0,0,2,0,2,2,2,7,7,0,2,1,4,2,3,3
1514,0,5,0,8,1,0,1,1,1,7,1,1,2,2,7,7,0,2,1,4,6,4,0
1515,0,2,0,3,0,5,1,1,0,5,1,3,0,0,7,7,0,2,1,0,3,0,1
1516,0,2,0,4,0,5,1,1,0,3,1,3,2,0,7,7,0,2,1,0,3,0,1
1517,0,2,0,4,0,5,1,1,0,5,1,3,2,0,7,7,0,2,1,0,3,3,1
1518,0,0,3,9,1,0,1,0,0,2,0,2,2,2,7,7,0,2,1,4,2,3,1
1519,0,5,0,4,0,5,1,1,0,3,1,3,0,0,7,7,0,2,1,0,2,3,1
1520,0,5,3,8,1,3,1,0,0,5,0,2,2,2,7,7,0,2,1,4,3,3,1
1521,0,2,2,8,0,5,1,1,0,5,1,3,2,0,7,7,0,2,1,0,2,3,1
1522,0,5,2,8,0,5,1,1,0,4,1,3,2,2,7,7,0,2,1,0,3,0,1
1523,0,5,0,4,0,5,1,1,0,5,1,3,0,0,7,7,0,2,1,0,3,3,1
1524,0,5,2,4,0,5,1,1,0,5,1,3,2,0,7,7,0,2,1,0,3,0,1
1525,0,5,2,4,0,5,1,1,0,5,1,3,0,0,7,7,0,2,1,0,3,3,1
1526,0,5,3,4,1,5,1,0,0,10,1,1,2,2,7,7,0,2,1,4,3,5,0
1527,0,2,2,3,0,5,1,1,0,5,1,3,0,0,7,7,0,2,1,0,2,3,1
1528,0,5,3,9,1,0,1,0,0,2,0,2,2,2,7,7,0,2,1,4,2,2,3
1529,0,5,2,8,0,5,1,1,0,5,1,3,0,0,7,7,0,2,1,0,2,0,1
1530,1,2,3,8,1,6,1,0,1,5,0,3,2,2,7,7,0,2,1,4,2,3,5
1531,0,2,2,8,0,5,1,1,0,3,1,3,2,2,7,7,0,2,1,0,3,3,1
1532,1,2,2,8,1,6,1,0,1,5,0,3,2,2,7,7,0,2,1,4,3,3,5
1533,0,2,2,3,0,5,1,1,0,3,1,3,2,2,7,7,0,2,1,0,2,3,1
1534,0,2,0,3,0,5,1,1,0,4,1,3,0,0,7,7,0,2,1,0,3,3,1
1535,1,5,2,8,1,6,1,0,1,7,0,3,2,2,7,7,0,2,1,4,3,3,1
1536,0,5,2,3,0,5,1,1,0,7,1,3,0,0,7,7,0,2,1,0,2,0,1
1537,1,5,2,8,1,6,1,0,1,7,0,3,2,2,7,7,0,2,1,4,3,3,5
1538,0,5,2,3,0,5,1,1,0,7,1,3,0,0,7,7,0,2,1,0,3,3,1
1539,0,2,2,8,0,5,1,1,0,7,1,3,2,2,7,7,0,2,1,0,2,3,1
1540,1,2,3,8,1,6,1,0,1,10,0,3,2,2,7,7,0,2,1,4,3,4,1
1541,0,5,0,8,0,5,1,1,0,5,1,3,2,2,7,7,0,2,1,0,2,0,1
1542,0,5,2,4,0,5,1,1,0,3,1,3,2,2,7,7,0,2,1,0,2,0,1
1543,0,5,0,8,0,5,1,1,0,7,1,3,0,0,7,7,0,2,1,0,3,3,1
1544,0,5,0,8,0,5,1,1,0,7,1,3,0,2,7,7,0,2,1,0,2,0,1
1545,0,5,3,2,1,5,1,0,0,9,1,1,2,2,3,3,0,2,1,4,2,5,0
1546,1,2,2,4,1,6,1,0,1,4,0,3,2,2,7,7,0,2,1,4,2,3,5
1547,0,2,0,3,0,5,1,1,0,4,1,3,0,2,7,7,0,2,1,0,2,3,1
1548,0,5,3,9,1,0,1,0,0,10,0,4,2,3,7,7,0,2,1,4,2,5,1
1549,0,5,0,4,0,5,1,1,0,3,1,3,2,2,7,7,0,2,1,0,3,0,1
1550,0,2,0,4,0,5,1,1,0,4,1,3,0,0,7,7,0,2,1,0,2,0,1
1551,0,0,2,8,1,3,1,0,0,2,0,2,2,2,7,7,0,2,1,4,2,2,3
1552,0,2,2,3,0,5,1,1,0,4,1,3,2,0,7,7,0,2,1,0,2,0,1
1553,0,2,0,8,0,5,1,1,0,5,1,3,0,0,7,7,0,2,1,0,2,0,1
1554,0,2,0,4,0,5,1,1,0,3,1,3,2,2,7,7,0,2,1,0,3,0,1
1555,1,2,2,4,1,6,1,0,1,10,0,3,2,2,7,7,0,2,1,4,3,3,5
1556,0,5,2,4,0,5,1,1,0,3,1,3,2,0,7,7,0,2,1,0,3,0,1
1557,0,0,3,9,1,0,1,0,0,10,0,2,2,2,7,7,0,2,1,4,2,2,1
1558,0,2,2,3,0,5,1,1,0,7,1,3,2,0,7,7,0,2,1,0,3,0,1
1559,0,2,2,4,0,5,1,1,0,3,1,3,2,0,7,7,0,2,1,0,2,3,1
1560,0,5,0,3,0,5,1,1,0,3,1,3,0,2,7,7,0,2,1,0,3,0,1
1561,0,2,2,3,0,5,1,1,0,7,1,3,2,0,7,7,0,2,1,0,2,3,1
1562,0,5,0,4,0,5,1,1,0,7,1,3,0,2,7,7,0,2,1,0,2,0,1
1563,0,5,0,4,1,5,1,0,0,7,1,1,2,2,6,3,0,2,1,4,3,4,0
1564,0,0,3,8,1,3,1,0,0,2,0,2,2,2,7,7,0,2,1,4,3,2,3
1565,0,5,0,3,1,5,1,0,0,5,1,1,2,2,3,7,0,2,1,4,3,4,0
1566,1,2,3,4,1,6,1,0,1,7,0,3,2,2,7,7,0,2,1,4,2,3,1
1567,0,5,2,8,0,5,1,1,0,3,1,3,2,2,7,7,0,2,1,0,3,0,1
1568,1,2,2,4,1,6,1,0,1,4,0,3,2,2,7,7,0,2,1,4,2,4,5
1569,0,2,2,4,0,5,1,1,0,5,1,3,2,0,7,7,0,2,1,0,3,0,1
1570,0,2,0,4,0,5,1,1,0,4,1,3,2,0,7,7,0,2,1,0,2,0,1
1571,0,5,0,8,0,5,1,1,0,4,1,3,2,0,7,7,0,2,1,0,2,0,1
1572,0,5,0,4,0,5,1,1,0,5,1,3,0,2,7,7,0,2,1,0,3,0,1
1573,0,2,2,4,0,5,1,1,0,5,1,3,0,0,7,7,0,2,1,0,3,3,1
1574,0,5,2,9,1,3,1,0,0,2,0,2,2,2,7,7,0,2,1,4,2,3,1
1575,0,2,2,8,0,5,1,1,0,4,1,3,2,0,7,7,0,2,1,0,2,0,1
1576,0,5,2,8,0,5,1,1,0,4,1,3,0,2,7,7,0,2,1,0,2,3,1
1577,1,5,3,4,1,6,1,0,1,7,0,3,2,2,7,7,0,2,1,4,2,4,1
1578,0,2,0,3,0,5,1,1,0,5,1,3,2,0,7,7,0,2,1,0,2,0,1
1579,1,2,3,4,1,6,1,0,1,5,0,3,2,2,7,7,0,2,1,4,2,3,1
1580,0,2,0,8,0,5,1,1,0,5,1,3,2,2,7,7,0,2,1,0,2,0,1
1581,0,5,0,4,1,5,1,0,0,7,1,1,2,2,6,7,0,2,1,4,2,4,0
1582,0,5,0,3,0,5,1,1,0,4,1,3,2,0,7,7,0,2,1,0,2,3,1
1583,1,2,2,4,1,6,1,0,1,10,0,3,2,2,7,7,0,2,1,4,3,4,5
1584,0,2,2,3,0,5,1,1,0,3,1,3,2,0,7,7,0,2,1,0,2,3,1
1585,1,5,2,8,1,6,1,0,1,10,0,3,2,2,7,7,0,2,1,4,3,4,5
1586,0,5,0,4,1,5,1,0,0,7,1,1,2,2,3,3,0,2,1,4,3,4,0
1587,0,5,0,4,0,5,1,1,0,7,1,3,0,2,7,7,0,2,1,0,3,3,1
1588,0,5,3,9,1,0,1,0,0,5,0,4,2,3,7,7,0,2,1,4,3,3,4
1589,0,2,0,8,0,5,1,1,0,3,1,3,0,0,7,7,0,2,1,0,2,3,1
1590,0,2,2,8,0,5,1,1,0,7,1,3,2,0,7,7,0,2,1,0,3,0,1
1591,0,5,0,3,0,5,1,1,0,5,1,3,0,2,7,7,0,2,1,0,3,3,1
1592,0,2,0,3,0,5,1,1,0,7,1,3,0,0,7,7,0,2,1,0,2,3,1
1593,0,2,0,8,0,5,1,1,0,5,1,3,2,0,7,7,0,2,1,0,3,0,1
1594,0,5,0,3,0,5,1,1,0,5,1,3,0,0,7,7,0,2,1,0,2,3,1
1595,0,2,0,3,0,5,1,1,0,4,1,3,0,0,7,7,0,2,1,0,3,0,1
1596,0,5,0,3,1,5,1,0,0,10,1,1,2,2,7,7,0,2,1,4,3,4,0
1597,0,5,2,3,0,5,1,1,0,7,1,3,0,2,7,7,0,2,1,0,2,0,1
1598,0,2,2,3,0,5,1,1,0,7,1,3,0,2,7,7,0,2,1,0,2,3,1
1599,0,5,3,4,1,3,1,0,0,10,0,4,2,3,7,7,0,2,1,4,3,3,1
1600,0,5,3,3,1,5,1,0,0,5,1,1,2,2,6,3,0,2,1,4,2,5,0
1601,0,2,2,3,0,5,1,1,0,4,1,3,0,0,7,7,0,2,1,0,2,0,1
1602,0,2,0,8,0,5,1,1,0,4,1,3,2,0,7,7,0,2,1,0,3,3,1
1603,0,2,2,4,0,5,1,1,0,3,1,3,0,0,7,7,0,2,1,0,3,0,1
1604,0,2,0,8,0,5,1,1,0,7,1,3,2,2,7,7,0,2,1,0,2,3,1
1605,0,2,0,4,0,5,1,1,0,5,1,3,2,0,7,7,0,2,1,0,2,0,1
1606,0,2,2,3,0,5,1,1,0,4,1,3,2,2,7,7,0,2,1,0,2,0,1
1607,0,5,2,4,0,5,1,1,0,5,1,3,2,2,7,7,0,2,1,0,3,3,1
1608,0,5,0,4,1,5,1,0,0,7,1,1,2,2,7,7,0,2,1,4,3,5,0
1609,0,5,2,4,0,5,1,1,0,4,1,3,0,0,7,7,0,2,1,0,3,3,1
1610,0,5,0,4,0,5,1,1,0,4,1,3,0,2,7,7,0,2,1,0,2,0,1
1611,0,2,2,8,0,5,1,1,0,7,1,3,0,0,7,7,0,2,1,0,3,0,1
1612,0,5,0,4,0,5,1,0,1,7,0,3,2,2,7,7,0,2,1,4,2,5,5
1613,1,2,2,8,1,6,1,0,1,7,0,3,2,2,7,7,0,2,1,4,2,3,5
1614,1,2,2,4,1,6,1,0,1,7,0,3,2,2,7,7,0,2,1,4,3,4,1
1615,0,5,0,4,1,5,1,0,0,9,1,1,2,2,7,3,0,2,1,4,2,4,0
1616,0,5,2,8,0,5,1,1,0,5,1,3,0,2,7,7,0,2,1,0,3,0,1
1617,0,2,0,3,0,5,1,1,0,4,1,3,2,2,7,7,0,2,1,0,3,0,1
1618,0,5,2,4,0,5,1,1,0,3,1,3,2,2,7,7,0,2,1,0,3,3,1
1619,0,5,0,4,0,5,1,1,0,3,1,3,0,0,7,7,0,2,1,0,3,3,1
1620,0,5,2,3,0,5,1,1,0,3,1,3,2,2,7,7,0,2,1,0,2,3,1
1621,0,2,0,3,0,5,1,1,0,5,1,3,0,0,7,7,0,2,1,0,2,0,1
1622,0,2,2,4,0,5,1,1,0,7,1,3,2,0,7,7,0,2,1,0,3,3,1
1623,0,2,2,3,0,5,1,1,0,5,1,3,2,0,7,7,0,2,1,0,2,0,1
1624,0,5,0,2,1,5,1,0,0,5,1,1,2,2,6,6,0,2,1,4,2,4,0
1625,1,2,3,8,1,6,1,0,1,4,0,3,2,2,7,7,0,2,1,4,3,4,5
1626,0,5,0,4,0,5,1,1,0,3,1,3,0,2,7,7,0,2,1,0,3,3,1
1627,0,5,0,4,1,5,1,0,0,5,1,1,2,2,7,3,0,2,1,4,3,4,0
1628,1,2,2,4,1,6,1,0,1,4,0,3,2,2,7,7,0,2,1,4,3,3,5
1629,1,2,2,8,1,6,1,0,1,4,0,3,2,2,7,7,0,2,1,4,2,4,1
1630,1,2,2,8,1,6,1,0,1,5,0,3,2,2,7,7,0,2,1,4,2,3,5
1631,0,2,0,8,0,5,1,1,0,3,1,3,2,0,7,7,0,2,1,0,3,0,1
1632,0,2,2,4,0,5,1,1,0,3,1,3,0,2,7,7,0,2,1,0,3,3,1
1633,0,2,0,4,0,5,1,1,0,3,1,3,0,0,7,7,0,2,1,0,2,0,1
1634,0,5,2,4,0,5,1,1,0,3,1,3,2,0,7,7,0,2,1,0,2,0,1
1635,0,2,2,4,0,5,1,1,0,4,1,3,2,0,7,7,0,2,1,0,2,0,1
1636,1,2,2,8,1,6,1,0,1,7,0,3,2,2,7,7,0,2,1,4,3,4,1
1637,1,2,2,8,1,6,1,0,1,5,0,3,2,2,7,7,0,2,1,4,2,4,1
1638,0,2,2,3,0,5,1,1,0,7,1,3,0,0,7,7,0,2,1,0,3,0,1
1639,0,5,2,4,0,5,1,1,0,4,1,3,0,2,7,7,0,2,1,0,2,0,1
1640,0,5,2,4,0,5,1,1,0,3,1,3,0,0,7,7,0,2,1,0,3,3,1
1641,0,5,0,4,1,5,1,0,0,10,1,1,2,2,7,3,0,2,1,4,2,4,0
1642,0,5,0,4,1,5,1,0,0,5,1,1,2,2,3,7,0,2,1,4,3,4,0
1643,0,2,0,8,0,5,1,1,0,7,1,3,0,2,7,7,0,2,1,0,2,0,1
1644,0,2,0,8,0,5,1,1,0,5,1,3,0,2,7,7,0,2,1,0,3,3,1
1645,0,5,0,8,0,5,1,1,0,4,1,3,0,0,7,7,0,2,1,0,2,0,1
1646,0,5,2,9,1,3,1,0,0,5,0,2,2,2,7,7,0,2,1,4,3,2,3
1647,0,2,2,3,0,5,1,1,0,5,1,3,0,0,7,7,0,2,1,0,3,0,1
1648,0,5,2,8,0,5,1,1,0,3,1,3,2,0,7,7,0,2,1,0,3,3,1
1649,0,5,0,4,0,5,1,1,0,5,1,3,2,2,7,7,0,2,1,0,3,3,1
1650,0,5,0,4,0,5,1,1,0,7,1,3,0,2,7,7,0,2,1,0,3,0,1
1651,0,5,2,8,0,5,1,1,0,5,1,3,2,2,7,7,0,2,1,0,3,3,1
1652,0,5,2,4,0,5,1,1,0,3,1,3,0,0,7,7,0,2,1,0,2,3,1
1653,0,5,2,3,0,5,1,1,0,3,1,3,0,2,7,7,0,2,1,0,3,3,1
1654,0,5,2,3,0,5,1,1,0,7,1,3,2,0,7,7,0,2,1,0,2,3,1
1655,0,2,2,8,0,5,1,1,0,7,1,3,2,2,7,7,0,2,1,0,3,3,1
1656,0,5,2,4,0,5,1,1,0,5,1,3,0,0,7,7,0,2,1,0,2,0,1
1657,0,2,0,3,0,5,1,1,0,7,1,3,2,2,7,7,0,2,1,0,3,3,1
1658,0,2,0,8,0,5,1,1,0,3,1,3,2,2,7,7,0,2,1,0,2,3,1
1659,0,5,0,8,0,5,1,1,0,5,1,3,2,2,7,7,0,2,1,0,3,0,1
1660,0,2,0,3,0,5,1,1,0,3,1,3,0,2,7,7,0,2,1,0,2,3,1
1661,0,5,0,3,0,5,1,1,0,7,1,3,2,0,7,7,0,2,1,0,2,0,1
1662,0,5,3,9,1,0,1,0,0,2,0,2,2,2,7,7,0,2,1,4,2,2,1
1663,0,5,2,9,1,3,1,0,0,5,0,2,2,2,7,7,0,2,1,4,2,2,1
1664,0,5,2,8,0,5,1,1,0,7,1,3,2,0,7,7,0,2,1,0,2,0,1
1665,1,5,3,4,1,6,1,0,1,4,0,3,2,2,7,7,0,2,1,4,2,3,1
1666,0,5,0,8,0,5,1,1,0,4,1,3,2,0,7,7,0,2,1,0,3,3,1
1667,1,5,2,8,1,6,1,0,1,10,0,3,2,2,7,7,0,2,1,4,2,3,5
1668,0,5,3,3,1,5,1,0,0,5,1,1,2,2,6,3,0,2,1,4,3,4,0
1669,1,2,2,8,1,6,1,0,1,10,0,3,2,2,7,7,0,2,1,4,2,4,5
1670,0,5,3,9,1,3,1,0,0,2,0,2,2,2,7,7,0,2,1,4,3,3,1
1671,0,5,3,8,1,3,1,0,0,5,0,2,2,2,7,7,0,2,1,4,3,2,3
1672,0,2,3,4,1,3,1,0,0,5,0,4,2,3,7,7,0,2,1,4,3,5,4
1673,0,5,2,8,0,5,1,1,0,5,1,3,2,0,7,7,0,2,1,0,3,3,1
1674,0,2,2,4,0,5,1,1,0,7,1,3,0,2,7,7,0,2,1,0,2,3,1
1675,0,5,2,3,0,5,1,1,0,7,1,3,2,2,7,7,0,2,1,0,2,0,1
1676,0,5,2,8,0,5,1,1,0,5,1,3,0,2,7,7,0,2,1,0,2,0,1
1677,0,2,2,4,0,5,1,1,0,3,1,3,0,0,7,7,0,2,1,0,3,3,1
1678,0,2,2,4,0,5,1,1,0,5,1,3,2,2,7,7,0,2,1,0,2,0,1
1679,0,5,2,3,0,5,1,1,0,5,1,3,0,0,7,7,0,2,1,0,2,3,1
1680,0,0,2,8,1,3,1,0,0,5,0,2,2,2,7,7,0,2,1,4,3,2,1
1681,0,5,2,3,0,5,1,1,0,7,1,3,2,2,7,7,0,2,1,0,2,3,1
1682,0,5,2,9,1,3,1,0,0,10,0,2,2,2,7,7,0,2,1,4,2,3,3
1683,1,2,3,8,1,6,1,0,1,5,0,3,2,2,7,7,0,2,1,4,2,4,1
1684,0,2,2,8,0,5,1,1,0,7,1,3,0,0,7,7,0,2,1,0,2,3,1
1685,0,2,2,4,0,5,1,1,0,3,1,3,0,0,7,7,0,2,1,0,2,3,1
1686,0,2,2,3,0,5,1,1,0,5,1,3,2,2,7,7,0,2,1,0,3,3,1
1687,0,2,0,3,0,5,1,1,0,3,1,3,0,2,7,7,0,2,1,0,3,3,1
1688,0,5,3,4,1,5,1,0,0,7,1,1,2,2,3,7,0,2,1,4,3,5,0
1689,0,5,0,4,1,5,1,0,0,5,1,1,2,2,3,3,0,2,1,4,2,5,0
1690,0,5,3,9,1,0,1,0,0,5,0,4,2,3,7,7,0,2,1,4,3,5,4
1691,0,5,0,3,1,5,1,0,0,10,1,1,2,2,6,6,0,2,1,4,2,5,0
1692,0,2,0,3,0,5,1,1,0,7,1,3,0,0,7,7,0,2,1,0,3,0,1
1693,0,2,2,4,0,5,1,1,0,3,1,3,0,2,7,7,0,2,1,0,2,3,1
1694,0,2,2,8,0,5,1,1,0,5,1,3,2,0,7,7,0,2,1,0,3,0,1
1695,0,5,0,3,0,5,1,1,0,4,1,3,0,2,7,7,0,2,1,0,3,0,1
1696,0,2,2,8,0,5,1,1,0,5,1,3,0,0,7,7,0,2,1,0,2,3,1
1697,0,2,0,3,0,5,1,1,0,5,1,3,0,2,7,7,0,2,1,0,3,0,1
1698,0,5,0,3,0,5,1,1,0,4,1,3,2,2,7,7,0,2,1,0,3,0,1
1699,0,5,2,4,0,5,1,1,0,4,1,3,2,0,7,7,0,2,1,0,3,0,1
1700,0,5,0,4,1,5,1,0,0,10,1,1,2,2,7,3,0,2,1,4,2,5,0
1701,0,2,2,8,0,5,1,1,0,4,1,3,2,2,7,7,0,2,1,0,3,3,1
1702,0,2,0,4,0,5,1,1,0,5,1,3,0,2,7,7,0,2,1,0,2,3,1
1703,1,2,3,4,1,6,1,0,1,10,0,3,2,2,7,7,0,2,1,4,2,3,1
1704,0,5,0,4,1,5,1,0,0,5,1,1,2,2,6,7,0,2,1,4,2,5,0
1705,0,5,0,4,0,5,1,1,0,7,1,3,0,0,7,7,0,2,1,0,2,3,1
1706,0,2,0,8,0,5,1,1,0,5,1,3,2,0,7,7,0,2,1,0,2,3,1
1707,1,2,3,4,1,6,1,0,1,5,0,3,2,2,7,7,0,2,1,4,3,4,5
1708,0,2,0,3,0,5,1,1,0,4,1,3,2,2,7,7,0,2,1,0,2,3,1
1709,0,5,0,3,1,5,1,0,0,5,1,1,2,2,7,7,0,2,1,4,2,4,0
1710,0,5,0,8,0,5,1,1,0,7,1,3,0,0,7,7,0,2,1,0,2,0,1
1711,0,5,0,3,0,5,1,1,0,3,1,3,0,0,7,7,0,2,1,0,2,3,1
1712,0,5,0,4,1,5,1,0,0,10,1,1,2,2,3,6,0,2,1,4,3,4,0
1713,0,5,2,3,0,5,1,1,0,3,1,3,2,0,7,7,0,2,1,0,3,0,1
1714,0,2,0,8,0,5,1,1,0,7,1,3,2,0,7,7,0,2,1,0,3,0,1
1715,0,5,0,3,1,5,1,0,0,9,1,1,2,2,6,6,0,2,1,4,2,5,0
1716,0,5,3,8,1,3,1,0,0,10,0,2,2,2,7,7,0,2,1,4,2,2,1
1717,0,5,3,8,1,3,1,0,0,4,0,2,2,2,7,7,0,2,1,4,3,2,3
1718,0,2,2,3,0,5,1,1,0,7,1,3,0,2,7,7,0,2,1,0,3,3,1
1719,0,2,2,8,0,5,1,1,0,4,1,3,2,2,7,7,0,2,1,0,2,0,1
1720,0,2,2,4,0,5,1,1,0,5,1,3,0,0,7,7,0,2,1,0,2,3,1
1721,0,2,2,8,0,5,1,1,0,7,1,3,0,2,7,7,0,2,1,0,2,0,1
1722,0,5,0,4,0,5,1,1,0,3,1,3,2,0,7,7,0,2,1,0,3,0,1
1723,0,5,2,4,0,5,1,1,0,5,1,3,2,0,7,7,0,2,1,0,3,3,1
1724,0,0,3,9,1,0,1,0,0,2,0,2,2,2,7,7,0,2,1,4,3,2,3
1725,1,2,3,8,1,6,1,0,1,4,0,3,2,2,7,7,0,2,1,4,2,4,1
1726,0,5,2,4,0,5,1,1,0,4,1,3,2,0,7,7,0,2,1,0,2,0,1
1727,0,2,2,4,0,5,1,1,0,4,1,3,0,2,7,7,0,2,1,0,2,3,1
1728,0,5,3,4,1,0,1,0,0,5,0,4,2,3,7,7,0,2,1,4,2,3,1
1729,0,5,2,3,0,5,1,1,0,5,1,3,0,0,7,7,0,2,1,0,3,0,1
1730,0,2,2,8,0,5,1,1,0,4,1,3,0,2,7,7,0,2,1,0,3,0,1
1731,1,5,2,4,1,6,1,0,1,5,0,3,2,2,7,7,0,2,1,4,2,4,5
1732,0,2,2,3,0,5,1,1,0,5,1,3,0,0,7,7,0,2,1,0,2,0,1
1733,0,5,0,8,0,5,1,1,0,7,1,3,0,2,7,7,0,2,1,0,3,3,1
1734,1,2,2,4,1,6,1,0,1,5,0,3,2,2,7,7,0,2,1,4,2,4,1
1735,0,5,0,4,0,5,1,1,0,7,1,3,2,2,7,7,0,2,1,0,3,0,1
1736,0,5,2,4,0,5,1,1,0,7,1,3,0,2,7,7,0,2,1,0,2,0,1
1737,0,5,0,4,1,5,1,0,0,9,1,1,2,2,3,6,0,2,1,4,2,4,0
1738,0,2,2,8,0,5,1,1,0,7,1,3,0,2,7,7,0,2,1,0,2,3,1
1739,1,2,2,8,1,6,1,0,1,7,0,3,2,2,7,7,0,2,1,4,3,4,5
1740,0,5,0,8,0,5,1,1,0,3,1,3,2,0,7,7,0,2,1,0,2,0,1
1741,0,2,0,4,0,5,1,1,0,3,1,3,2,2,7,7,0,2,1,0,3,3,1
1742,0,2,2,3,0,5,1,1,0,7,1,3,0,0,7,7,0,2,1,0,3,3,1
1743,0,5,0,8,0,5,1,1,0,5,1,3,0,0,7,7,0,2,1,0,2,0,1
1744,0,2,3,4,1,3,1,0,0,10,0,4,2,3,7,7,0,2,1,4,3,5,1
1745,1,2,2,8,1,6,1,0,1,10,0,3,2,2,7,7,0,2,1,4,3,3,1
1746,0,5,0,8,0,5,1,1,0,7,1,3,2,2,7,7,0,2,1,0,3,0,1
1747,0,2,0,4,0,5,1,0,1,7,0,3,2,2,7,7,0,2,1,4,2,5,5
1748,1,2,3,4,1,6,1,0,1,10,0,3,2,2,7,7,0,2,1,4,3,3,5
1749,0,2,2,8,0,5,1,1,0,5,1,3,2,0,7,7,0,2,1,0,3,3,1
1750,0,5,0,3,0,5,1,1,0,4,1,3,0,0,7,7,0,2,1,0,3,3,1
1751,0,2,3,9,1,0,1,0,0,5,0,4,2,3,7,7,0,2,1,4,3,5,4
1752,0,5,0,8,0,5,1,1,0,3,1,3,0,0,7,7,0,2,1,0,3,3,1
1753,0,5,0,8,0,5,1,1,0,3,1,3,0,0,7,7,0,2,1,0,2,0,1
1754,1,2,3,4,1,6,1,0,1,5,0,3,2,2,7,7,0,2,1,4,3,3,1
1755,0,2,0,4,0,5,1,1,0,3,1,3,0,2,7,7,0,2,1,0,2,3,1
1756,0,2,0,3,0,5,1,1,0,4,1,3,2,2,7,7,0,2,1,0,3,3,1
1757,0,5,0,4,0,5,1,1,0,5,1,3,2,2,7,7,0,2,1,0,2,3,1
1758,0,5,0,4,1,5,1,0,0,7,1,1,2,2,6,6,0,2,1,4,3,4,0
1759,0,5,2,3,0,5,1,1,0,4,1,3,0,0,7,7,0,2,1,0,2,3,1
1760,0,5,2,3,0,5,1,1,0,5,1,3,0,2,7,7,0,2,1,0,2,0,1
1761,0,5,0,8,0,5,1,1,0,4,1,3,0,0,7,7,0,2,1,0,2,3,1
1762,0,2,0,3,0,5,1,1,0,3,1,3,2,2,7,7,0,2,1,0,3,3,1
1763,0,5,0,4,1,5,1,0,0,5,1,1,2,2,7,7,0,2,1,4,2,5,0
1764,0,5,2,8,0,5,1,1,0,7,1,3,0,0,7,7,0,2,1,0,3,3,1
1765,1,5,2,8,1,6,1,0,1,5,0,3,2,2,7,7,0,2,1,4,3,3,5
1766,0,2,2,3,0,5,1,1,0,5,1,3,2,0,7,7,0,2,1,0,3,0,1
1767,0,5,2,4,0,5,1,1,0,4,1,3,2,2,7,7,0,2,1,0,3,3,1
1768,0,5,0,4,1,5,1,0,0,7,1,1,2,2,7,3,0,2,1,4,2,4,0
1769,0,5,3,9,1,0,1,0,0,7,0,4,2,3,7,7,0,2,1,4,3,5,1
1770,0,5,2,3,0,5,1,1,0,4,1,3,0,0,7,7,0,2,1,0,2,0,1
1771,0,5,0,4,0,5,1,1,0,3,1,3,0,2,7,7,0,2,1,0,2,0,1
1772,0,5,0,8,0,5,1,1,0,4,1,3,2,2,7,7,0,2,1,0,2,0,1
1773,0,5,3,9,1,0,1,0,0,4,0,2,2,2,7,7,0,2,1,4,3,3,1
1774,0,5,0,4,1,5,1,0,0,7,1,1,2,2,3,7,0,2,1,4,2,5,0
1775,0,5,0,8,0,5,1,1,0,7,1,3,2,2,7,7,0,2,1,0,2,0,1
1776,0,5,0,8,0,5,1,1,0,5,1,3,0,2,7,7,0,2,1,0,2,0,1
1777,1,2,2,4,1,6,1,0,1,5,0,3,2,2,7,7,0,2,1,4,3,3,5
1778,1,2,2,8,1,6,1,0,1,4,0,3,2,2,7,7,0,2,1,4,2,4,5
1779,0,5,2,4,0,5,1,1,0,7,1,3,2,2,7,7,0,2,1,0,2,0,1
1780,0,5,0,3,0,5,1,0,1,5,0,3,2,2,7,7,0,2,1,4,3,4,5
1781,0,2,2,4,0,5,1,1,0,7,1,3,0,0,7,7,0,2,1,0,2,3,1
1782,0,5,2,8,0,5,1,1,0,4,1,3,0,2,7,7,0,2,1,0,2,0,1
1783,1,2,2,8,1,6,1,0,1,10,0,3,2,2,7,7,0,2,1,4,2,3,1
1784,0,0,2,9,1,0,1,0,0,4,0,2,2,2,7,7,0,2,1,4,3,3,1
1785,0,5,0,4,0,5,1,1,0,3,1,3,0,0,7,7,0,2,1,0,2,0,1
1786,1,2,3,4,1,6,1,0,1,5,0,3,2,2,7,7,0,2,1,4,2,3,5
1787,0,5,2,3,0,5,1,1,0,3,1,3,0,0,7,7,0,2,1,0,2,0,1
1788,0,5,2,3,0,5,1,1,0,4,1,3,2,0,7,7,0,2,1,0,3,3,1
1789,0,5,2,8,0,5,1,1,0,5,1,3,0,2,7,7,0,2,1,0,2,3,1
1790,1,2,2,8,1,6,1,0,1,5,0,3,2,2,7,7,0,2,1,4,3,4,5
1791,0,2,2,8,0,5,1,1,0,4,1,3,0,0,7,7,0,2,1,0,2,0,1
1792,0,5,0,4,0,5,1,1,0,3,1,3,0,2,7,7,0,2,1,0,3,0,1
1793,0,2,0,4,0,5,1,1,0,7,1,3,2,2,7,7,0,2,1,0,3,3,1
1794,0,5,0,4,0,5,1,1,0,7,1,3,0,0,7,7,0,2,1,0,3,0,1
1795,1,2,3,4,1,6,1,0,1,4,0,3,2,2,7,7,0,2,1,4,2,4,1
1796,0,5,0,8,0,5,1,1,0,7,1,3,2,0,7,7,0,2,1,0,3,3,1
1797,0,2,2,8,0,5,1,1,0,7,1,3,0,2,7,7,0,2,1,0,3,0,1
1798,1,2,3,8,1,6,1,0,1,4,0,3,2,2,7,7,0,2,1,4,2,4,5
1799,0,2,2,3,0,5,1,1,0,7,1,3,2,0,7,7,0,2,1,0,2,0,1
1800,0,2,3,4,1,5,1,0,0,10,1,1,2,2,7,3,0,2,1,4,3,4,0
1801,0,5,0,3,0,5,1,1,0,3,1,3,2,0,7,7,0,2,1,0,3,0,1
1802,0,5,0,3,1,5,1,0,0,9,1,1,2,2,7,6,0,2,1,4,2,4,0
1803,0,5,3,4,1,5,1,0,0,7,1,1,2,2,6,7,0,2,1,4,3,4,0
1804,0,2,0,4,1,5,1,0,0,5,1,1,2,2,6,3,0,2,1,4,3,5,0
1805,0,2,3,2,1,5,1,0,0,7,1,1,2,2,6,6,0,2,1,4,2,4,0
1806,0,2,2,3,0,5,1,1,0,3,1,3,0,2,7,7,0,2,1,0,3,3,1
1807,0,5,0,3,1,5,1,0,0,9,1,1,2,2,6,6,0,2,1,4,3,5,0
1808,0,5,3,3,1,5,1,0,0,7,1,1,2,2,3,6,0,2,1,4,2,5,0
1809,0,5,0,3,0,5,1,1,0,7,1,3,0,2,7,7,0,2,1,0,3,3,1
1810,1,2,2,4,1,6,1,0,1,5,0,3,2,2,7,7,0,2,1,4,3,3,1
1811,0,2,0,4,1,5,1,0,0,5,1,1,2,2,3,7,0,2,1,4,2,4,0
1812,1,5,2,4,1,6,1,0,1,5,0,3,2,2,7,7,0,2,1,4,2,4,1
1813,0,5,2,8,1,0,1,0,0,5,0,2,2,2,7,7,0,2,1,4,3,3,1
1814,0,5,2,8,0,5,1,1,0,3,1,3,2,2,7,7,0,2,1,0,2,0,1
1815,0,5,3,9,1,0,1,0,0,2,0,2,2,2,7,7,0,2,1,4,3,3,1
1816,1,5,0,3,0,2,1,0,0,3,0,1,1,1,4,0,0,2,1,2,1,5,1
1817,0,2,2,4,0,5,1,1,0,4,1,3,0,2,7,7,0,2,1,0,3,0,1
1818,0,2,2,8,0,5,1,1,0,7,1,3,0,0,7,7,0,2,1,0,3,3,1
1819,0,5,0,4,1,5,1,0,0,7,1,1,2,2,3,3,0,2,1,4,2,4,0
1820,0,2,2,4,0,5,1,1,0,3,1,3,2,2,7,7,0,2,1,0,2,3,1
1821,0,5,0,4,0,5,1,1,0,3,1,3,2,0,7,7,0,2,1,0,2,3,1
1822,1,5,2,8,1,6,1,0,1,7,0,3,2,2,7,7,0,2,1,4,2,4,5
1823,0,2,0,4,1,5,1,0,0,7,1,1,2,2,6,3,0,2,1,4,3,5,0
1824,0,5,3,8,1,3,1,0,0,4,0,2,2,2,7,7,0,2,1,4,3,2,1
1825,0,2,0,3,0,5,1,1,0,5,1,3,0,2,7,7,0,2,1,0,2,3,1
1826,0,5,3,2,1,5,1,0,0,5,1,1,2,2,7,3,0,2,1,4,3,4,0
1827,0,2,0,8,0,5,1,1,0,5,1,3,2,2,7,7,0,2,1,0,2,3,1
1828,0,5,2,3,0,5,1,1,0,7,1,3,0,2,7,7,0,2,1,0,3,0,1
1829,0,5,3,4,1,5,1,0,0,5,1,1,2,2,7,6,0,2,1,4,2,4,0
1830,0,5,3,3,1,5,1,0,0,10,1,1,2,2,7,3,0,2,1,4,3,5,0
1831,0,5,0,3,1,5,1,0,0,9,1,1,2,2,3,7,0,2,1,4,2,4,0
1832,0,2,2,8,0,5,1,1,0,5,1,3,0,2,7,7,0,2,1,0,3,0,1
1833,0,5,0,3,1,5,1,0,0,9,1,1,2,2,6,7,0,2,1,4,2,4,0
1834,0,5,0,4,1,5,1,0,0,9,1,1,2,2,3,3,0,2,1,4,3,4,0
1835,0,5,0,2,1,5,1,0,0,10,1,1,2,2,3,7,0,2,1,4,3,4,0
1836,0,5,3,4,1,5,1,0,0,10,1,1,2,2,6,3,0,2,1,4,3,5,0
1837,0,2,0,8,0,5,1,1,0,3,1,3,0,0,7,7,0,2,1,0,3,3,1
1838,0,5,3,4,1,5,1,0,0,7,1,1,2,2,6,7,0,2,1,4,2,5,0
1839,0,5,2,3,0,5,1,1,0,5,1,3,2,0,7,7,0,2,1,0,2,3,1
1840,0,5,0,3,0,5,1,1,0,3,1,3,0,2,7,7,0,2,1,0,2,0,1
1841,0,2,0,8,0,5,1,1,0,7,1,3,2,2,7,7,0,2,1,0,3,0,1
1842,0,5,3,3,1,5,1,0,0,7,1,1,2,2,7,6,0,2,1,4,2,4,0
1843,1,2,3,4,1,6,1,0,1,4,0,3,2,2,7,7,0,2,1,4,3,3,5
1844,0,5,3,2,1,5,1,0,0,7,1,1,2,2,6,3,0,2,1,4,2,4,0
1845,0,2,0,8,0,5,1,1,0,7,1,3,2,0,7,7,0,2,1,0,2,3,1
1846,0,2,2,3,0,5,1,1,0,3,1,3,0,2,7,7,0,2,1,0,3,0,1
1847,0,5,3,3,1,5,1,0,0,10,1,1,2,2,3,6,0,2,1,4,3,4,0
1848,0,2,0,3,1,5,1,0,0,7,1,1,2,2,6,7,0,2,1,4,2,4,0
1849,0,5,0,4,1,5,1,0,0,10,1,1,2,2,3,7,0,2,1,4,2,4,0
1850,0,2,0,2,1,5,1,0,0,5,1,1,2,2,7,6,0,2,1,4,2,4,0
1851,0,5,2,8,0,5,1,1,0,3,1,3,0,2,7,7,0,2,1,0,3,0,1
1852,0,5,0,2,1,5,1,0,0,10,1,1,2,2,7,3,0,2,1,4,3,4,0
1853,0,5,0,4,1,5,1,0,0,7,1,1,2,2,7,6,0,2,1,4,2,4,0
1854,0,5,0,3,1,5,1,0,0,9,1,1,2,2,7,7,0,2,1,4,2,5,0
1855,0,5,0,4,1,5,1,0,0,5,1,1,2,2,6,7,0,2,1,4,3,5,0
1856,0,5,0,9,1,0,1,1,1,10,1,1,2,2,7,7,0,2,1,4,3,4,0
1857,0,5,0,2,1,5,1,0,0,10,1,1,2,2,3,3,0,2,1,4,3,4,0
1858,1,2,2,8,1,6,1,0,1,10,0,3,2,2,7,7,0,2,1,4,3,4,1
1859,0,5,2,8,0,5,1,1,0,3,1,3,0,0,7,7,0,2,1,0,2,3,1
1860,0,5,0,2,1,5,1,0,0,9,1,1,2,2,3,3,0,2,1,4,3,5,0
1861,0,5,3,4,1,5,1,0,0,10,1,1,2,2,6,6,0,2,1,4,2,4,0
1862,0,5,0,8,0,5,1,1,0,3,1,3,0,2,7,7,0,2,1,0,2,0,1
1863,0,5,0,3,1,5,1,0,0,10,1,1,2,2,6,7,0,2,1,4,3,5,0
1864,0,5,2,3,0,5,1,1,0,5,1,3,2,2,7,7,0,2,1,0,3,3,1
1865,0,5,3,2,1,5,1,0,0,10,1,1,2,2,6,3,0,2,1,4,3,5,0
1866,0,5,3,4,1,5,1,0,0,9,1,1,2,2,6,7,0,2,1,4,3,4,0
1867,0,5,2,8,0,5,1,1,0,7,1,3,0,2,7,7,0,2,1,0,2,0,1
1868,0,5,2,4,0,5,1,1,0,5,1,3,2,0,7,7,0,2,1,0,2,0,1
1869,0,5,2,8,0,5,1,1,0,5,1,3,2,2,7,7,0,2,1,0,2,3,1
1870,0,5,2,4,0,5,1,1,0,5,1,3,2,0,7,7,0,2,1,0,2,3,1
1871,0,2,0,2,1,5,1,0,0,5,1,1,2,2,6,3,0,2,1,4,3,5,0
1872,0,2,0,8,0,5,1,1,0,5,1,3,2,0,7,7,0,2,1,0,2,0,1
1873,0,2,0,3,0,5,1,1,0,4,1,3,2,2,7,7,0,2,1,0,2,0,1
1874,0,5,3,2,1,5,1,0,0,10,1,1,2,2,3,3,0,2,1,4,3,4,0
1875,0,5,0,2,1,5,1,0,0,7,1,1,2,2,6,7,0,2,1,4,3,5,0
1876,0,5,3,3,1,5,1,0,0,9,1,1,2,2,7,7,0,2,1,4,3,4,0
1877,0,5,0,2,1,5,1,0,0,7,1,1,2,2,7,3,0,2,1,4,2,5,0
1878,0,2,2,4,0,5,1,1,0,3,1,3,2,2,7,7,0,2,1,0,3,3,1
1879,0,5,2,8,0,5,1,1,0,5,1,3,2,2,7,7,0,2,1,0,2,0,1
1880,0,5,2,8,0,5,1,1,0,3,1,3,2,0,7,7,0,2,1,0,2,0,1
1881,0,5,0,8,0,5,1,1,0,4,1,3,2,2,7,7,0,2,1,0,3,0,1
1882,0,5,0,2,1,5,1,0,0,9,1,1,2,2,3,6,0,2,1,4,3,4,0
1883,0,5,0,4,1,5,1,0,0,9,1,1,2,2,3,3,0,2,1,4,3,5,0
1884,0,2,0,4,1,5,1,0,0,10,1,1,2,2,3,6,0,2,1,4,2,4,0
1885,0,2,0,8,1,3,1,1,1,7,1,1,2,2,7,7,0,2,1,4,3,4,0
1886,0,2,0,8,0,5,1,1,0,4,1,3,0,0,7,7,0,2,1,0,2,0,1
1887,1,2,3,8,1,6,1,0,1,5,0,3,2,2,7,7,0,2,1,4,2,3,1
1888,0,2,0,3,1,5,1,0,0,5,1,1,2,2,3,3,0,2,1,4,2,4,0
1889,0,5,0,4,1,5,1,0,0,10,1,1,2,2,7,3,0,2,1,4,3,4,0
1890,0,5,2,8,0,5,1,1,0,4,1,3,0,0,7,7,0,2,1,0,3,0,1
1891,0,5,0,8,0,5,1,1,0,3,1,3,0,0,7,7,0,2,1,0,3,0,1
1892,0,5,2,4,0,5,1,1,0,3,1,3,2,2,7,7,0,2,1,0,3,0,1
1893,0,5,0,4,0,5,1,1,0,5,1,3,2,2,7,7,0,2,1,0,3,0,1
1894,0,5,2,3,0,5,1,1,0,3,1,3,2,2,7,7,0,2,1,0,3,0,1
1895,0,5,3,4,1,5,1,0,0,10,1,1,2,2,3,3,0,2,1,4,3,4,0
1896,0,5,0,4,1,5,1,0,0,9,1,1,2,2,6,6,0,2,1,4,3,5,0
1897,0,2,2,3,0,5,1,1,0,4,1,3,0,0,7,7,0,2,1,0,3,3,1
1898,0,2,2,4,0,5,1,1,0,5,1,3,0,0,7,7,0,2,1,0,2,0,1
1899,0,5,2,3,0,5,1,1,0,7,1,3,0,2,7,7,0,2,1,0,3,3,1
1900,0,2,0,3,1,5,1,0,0,5,1,1,2,2,6,7,0,2,1,4,2,5,0
1901,0,5,2,8,0,5,1,1,0,3,1,3,0,0,7,7,0,2,1,0,3,0,1
1902,0,2,0,4,0,5,1,1,0,4,1,3,2,0,7,7,0,2,1,0,3,0,1
1903,0,2,2,8,0,5,1,1,0,3,1,3,0,2,7,7,0,2,1,0,2,3,1
1904,0,5,0,3,0,5,1,1,0,4,1,3,2,2,7,7,0,2,1,0,3,3,1
1905,0,2,0,4,0,5,1,1,0,4,1,3,2,2,7,7,0,2,1,0,3,0,1
1906,0,2,0,4,0,5,1,1,0,7,1,3,0,0,7,7,0,2,1,0,2,0,1
1907,0,5,0,4,1,5,1,0,0,10,1,1,2,2,7,6,0,2,1,4,3,4,0
1908,0,2,2,3,0,5,1,1,0,3,1,3,2,0,7,7,0,2,1,0,2,0,1
1909,0,2,2,8,0,5,1,1,0,5,1,3,0,0,7,7,0,2,1,0,3,3,1
1910,0,5,3,2,1,5,1,0,0,7,1,1,2,2,3,7,0,2,1,4,2,4,0
1911,0,5,3,3,1,5,1,0,0,9,1,1,2,2,3,3,0,2,1,4,2,4,0
1912,0,5,3,2,1,5,1,0,0,5,1,1,2,2,3,6,0,2,1,4,2,4,0
1913,0,5,0,3,0,5,1,1,0,3,1,3,2,2,7,7,0,2,1,0,2,3,1
1914,0,2,0,3,0,5,1,1,0,7,1,3,0,2,7,7,0,2,1,0,3,0,1
1915,0,2,3,9,1,3,1,0,0,7,0,4,2,3,7,7,0,2,1,4,3,5,1
1916,1,2,3,8,1,6,1,0,1,10,0,3,2,2,7,7,0,2,1,4,2,4,5
1917,0,2,2,4,0,5,1,1,0,3,1,3,0,0,7,7,0,2,1,0,2,0,1
1918,0,2,0,4,0,5,1,1,0,4,1,3,2,0,7,7,0,2,1,0,2,3,1
1919,0,2,0,4,1,5,1,0,0,7,1,1,2,2,3,7,0,2,1,4,2,4,0
1920,0,5,0,2,1,5,1,0,0,9,1,1,2,2,3,7,0,2,1,4,2,5,0
1921,0,2,0,3,0,5,1,1,0,7,1,3,2,2,7,7,0,2,1,0,3,0,1
1922,0,5,0,4,0,5,1,1,0,5,1,3,0,2,7,7,0,2,1,0,2,3,1
1923,0,5,0,3,0,5,1,1,0,3,1,3,0,0,7,7,0,2,1,0,3,3,1
1924,0,5,3,2,1,5,1,0,0,10,1,1,2,2,3,7,0,2,1,4,3,4,0
1925,0,2,0,4,1,5,1,0,0,10,1,1,2,2,3,7,0,2,1,4,2,4,0
1926,0,5,0,4,0,5,1,1,0,7,1,3,2,0,7,7,0,2,1,0,2,3,1
1927,0,5,0,4,0,5,1,1,0,7,1,3,2,0,7,7,0,2,1,0,2,0,1
1928,0,2,2,8,0,5,1,1,0,3,1,3,2,0,7,7,0,2,1,0,2,3,1
1929,0,2,2,3,0,5,1,1,0,7,1,3,2,2,7,7,0,2,1,0,2,3,1
1930,1,2,3,8,1,6,1,0,1,10,0,3,2,2,7,7,0,2,1,4,2,3,5
1931,0,0,2,8,1,0,1,0,0,4,0,2,2,2,7,7,0,2,1,4,3,3,1
1932,0,5,0,4,1,5,1,0,0,10,1,1,2,2,3,7,0,2,1,4,3,4,0
1933,0,2,0,3,0,5,1,1,0,4,1,3,0,0,7,7,0,2,1,0,2,0,1
1934,0,5,0,4,0,5,1,1,0,4,1,3,0,2,7,7,0,2,1,0,3,3,1
1935,0,5,2,4,0,5,1,1,0,4,1,3,2,0,7,7,0,2,1,0,3,3,1
1936,0,2,2,8,1,3,1,1,1,5,1,1,2,2,7,7,0,2,1,4,6,4,0
1937,0,5,0,8,0,5,1,1,0,3,1,3,2,2,7,7,0,2,1,0,3,0,1
1938,0,5,2,8,0,5,1,1,0,3,1,3,0,2,7,7,0,2,1,0,2,0,1
1939,0,5,2,3,0,5,1,1,0,4,1,3,0,2,7,7,0,2,1,0,2,3,1
1940,0,5,3,2,1,5,1,0,0,7,1,1,2,2,7,6,0,2,1,4,2,4,0
1941,0,2,0,4,1,5,1,0,0,5,1,1,2,2,3,6,0,2,1,4,2,4,0
1942,0,5,0,4,1,5,1,0,0,5,1,1,2,2,7,7,0,2,1,4,2,4,0
1943,0,2,0,8,0,5,1,1,0,4,1,3,2,2,7,7,0,2,1,0,2,3,1
1944,0,2,2,4,0,5,1,1,0,5,1,3,0,2,7,7,0,2,1,0,3,3,1
1945,1,2,2,8,1,6,1,0,1,4,0,3,2,2,7,7,0,2,1,4,3,4,5
1946,0,2,0,4,0,5,1,1,0,7,1,3,0,0,7,7,0,2,1,0,3,3,1
1947,0,5,3,3,1,5,1,0,0,10,1,1,2,2,3,3,0,2,1,4,3,5,0
1948,0,5,3,3,1,5,1,0,0,5,1,1,2,2,3,3,0,2,1,4,3,4,0
1949,0,5,0,3,0,5,1,1,0,7,1,3,2,2,7,7,0,2,1,0,3,0,1
1950,0,5,0,3,1,5,1,0,0,10,1,1,2,2,6,6,0,2,1,4,3,4,0
1951,0,5,3,2,1,5,1,0,0,9,1,1,2,2,6,6,0,2,1,4,3,4,0
1952,0,5,0,3,1,5,1,0,0,7,1,1,2,2,3,6,0,2,1,4,2,5,0
1953,0,5,0,3,1,5,1,0,0,9,1,1,2,2,6,7,0,2,1,4,3,4,0
1954,0,5,0,4,1,5,1,0,0,7,1,1,2,2,6,3,0,2,1,4,2,4,0
1955,1,5,2,8,1,6,1,0,1,7,0,3,2,2,7,7,0,2,1,4,2,4,1
1956,0,5,0,4,0,5,1,1,0,4,1,3,2,2,7,7,0,2,1,0,2,3,1
1957,0,5,3,4,1,5,1,0,0,10,1,1,2,2,6,6,0,2,1,4,3,4,0
1958,0,5,0,3,1,5,1,0,0,7,1,1,2,2,7,3,0,2,1,4,3,5,0
1959,1,2,3,4,1,6,1,0,1,10,0,3,2,2,7,7,0,2,1,4,3,3,1
1960,0,5,0,3,1,5,1,0,0,9,1,1,2,2,7,3,0,2,1,4,2,5,0
1961,0,5,0,3,0,5,1,1,0,3,1,3,2,0,7,7,0,2,1,0,2,3,1
1962,0,5,0,2,1,5,1,0,0,9,1,1,2,2,3,3,0,2,1,4,2,4,0
1963,0,2,0,4,0,5,1,1,0,4,1,3,0,2,7,7,0,2,1,0,3,3,1
1964,0,2,2,8,0,5,1,1,0,3,1,3,0,0,7,7,0,2,1,0,3,0,1
1965,0,2,2,4,0,5,1,1,0,7,1,3,2,2,7,7,0,2,1,0,2,3,1
1966,0,5,3,2,1,5,1,0,0,10,1,1,2,2,7,3,0,2,1,4,3,4,0
1967,0,2,2,4,0,5,1,1,0,4,1,3,0,0,7,7,0,2,1,0,2,3,1
1968,0,2,0,4,1,5,1,0,0,5,1,1,2,2,6,6,0,2,1,4,3,4,0
1969,0,2,2,8,0,5,1,1,0,3,1,3,2,2,7,7,0,2,1,0,2,3,1
1970,0,5,0,4,0,5,1,1,0,4,1,3,0,0,7,7,0,2,1,0,2,0,1
1971,0,2,0,4,0,5,1,1,0,3,1,3,2,0,7,7,0,2,1,0,3,3,1
1972,1,5,2,4,1,6,1,0,1,10,0,3,2,2,7,7,0,2,1,4,2,4,5
1973,0,5,0,4,1,5,1,0,0,7,1,1,2,2,7,7,0,2,1,4,2,5,0
1974,0,2,2,4,0,5,1,1,0,4,1,3,0,2,7,7,0,2,1,0,3,3,1
1975,1,2,3,8,1,6,1,0,1,5,0,3,2,2,7,7,0,2,1,4,3,3,1
1976,0,5,0,4,1,5,1,0,0,5,1,1,2,2,6,3,0,2,1,4,3,4,0
1977,0,5,0,3,1,5,1,0,0,9,1,1,2,2,7,6,0,2,1,4,3,5,0
1978,0,2,0,4,0,5,1,1,0,7,1,3,0,0,7,7,0,2,1,0,3,0,1
1979,0,5,0,2,1,5,1,0,0,7,1,1,2,2,3,3,0,2,1,4,2,4,0
1980,0,2,0,8,0,5,1,1,0,7,1,3,2,2,7,7,0,2,1,0,3,3,1
1981,0,5,0,8,0,5,1,1,0,3,1,3,0,0,7,7,0,2,1,0,2,3,1
1982,0,5,3,8,1,3,1,0,0,4,0,2,2,2,7,7,0,2,1,4,2,2,3
1983,0,5,2,8,0,5,1,1,0,7,1,3,0,2,7,7,0,2,1,0,3,3,1
1984,0,5,3,3,1,5,1,0,0,9,1,1,2,2,6,3,0,2,1,4,3,4,0
1985,0,5,0,3,1,5,1,0,0,5,1,1,2,2,3,7,0,2,1,4,2,5,0
1986,0,5,2,3,0,5,1,1,0,5,1,3,0,2,7,7,0,2,1,0,3,0,1
1987,1,2,3,8,1,6,1,0,1,5,0,3,2,2,7,7,0,2,1,4,3,3,5
1988,0,5,0,2,1,5,1,0,0,10,1,1,2,2,7,6,0,2,1,4,3,4,0
1989,1,2,2,4,1,6,1,0,1,5,0,3,2,2,7,7,0,2,1,4,2,3,5
1990,1,2,3,4,1,6,1,0,1,10,0,3,2,2,7,7,0,2,1,4,3,4,1
1991,0,5,0,3,1,5,1,0,0,7,1,1,2,2,6,6,0,2,1,4,3,4,0
1992,0,2,2,4,0,5,1,1,0,3,1,3,2,0,7,7,0,2,1,0,3,0,1
1993,0,5,0,3,1,5,1,0,0,7,1,1,2,2,3,7,0,2,1,4,3,5,0
1994,0,5,0,4,0,5,1,1,0,3,1,3,2,0,7,7,0,2,1,0,2,0,1
1995,0,5,0,4,1,5,1,0,0,10,1,1,2,2,6,3,0,2,1,4,3,5,0
1996,0,2,2,4,0,5,1,1,0,7,1,3,0,2,7,7,0,2,1,0,3,3,1
1997,0,2,0,4,0,5,1,1,0,7,1,3,2,0,7,7,0,2,1,0,2,0,1
1998,0,5,2,4,0,5,1,1,0,4,1,3,0,0,7,7,0,2,1,0,2,0,1
1999,0,5,2,4,0,5,1,1,0,4,1,3,2,0,7,7,0,2,1,0,2,3,1
2000,0,5,0,4,1,5,1,0,0,10,1,1,2,2,3,3,0,2,1,4,3,4,0
2001,0,5,3,2,1,5,1,0,0,9,1,1,2,2,3,7,0,2,1,4,3,4,0
2002,0,2,2,4,0,5,1,1,0,4,1,3,0,0,7,7,0,2,1,0,2,0,1
2003,0,5,0,4,1,5,1,0,0,10,1,1,2,2,3,3,0,2,1,4,2,5,0
2004,1,2,3,8,1,6,1,0,1,10,0,3,2,2,7,7,0,2,1,4,3,4,5
2005,0,5,3,9,1,3,1,0,0,5,0,4,2,3,7,7,0,2,1,4,3,3,1
2006,1,2,2,4,1,6,1,0,1,7,0,3,2,2,7,7,0,2,1,4,2,3,1
2007,0,2,0,8,0,5,1,1,0,3,1,3,0,2,7,7,0,2,1,0,3,3,1
2008,0,2,0,4,0,5,1,1,0,5,1,3,0,0,7,7,0,2,1,0,2,0,1
2009,1,2,2,4,1,6,1,0,1,10,0,3,2,2,7,7,0,2,1,4,3,4,1
2010,0,5,2,4,0,5,1,1,0,4,1,3,0,0,7,7,0,2,1,0,3,0,1
2011,0,5,0,4,0,5,1,1,0,5,1,3,2,0,7,7,0,2,1,0,2,3,1
2012,0,5,0,2,1,5,1,0,0,9,1,1,2,2,3,7,0,2,1,4,2,4,0
2013,0,2,0,4,0,5,1,1,0,4,1,3,2,2,7,7,0,2,1,0,2,0,1
2014,0,5,0,8,0,5,1,1,0,4,1,3,2,2,7,7,0,2,1,0,3,3,1
2015,0,2,2,3,0,5,1,1,0,7,1,3,0,2,7,7,0,2,1,0,3,0,1
2016,0,2,0,8,0,5,1,1,0,3,1,3,0,2,7,7,0,2,1,0,2,3,1
2017,0,2,2,9,1,0,1,1,1,5,1,1,2,2,7,7,0,2,1,4,3,4,0
2018,0,2,0,8,1,0,1,1,1,5,1,1,2,2,7,7,0,2,1,4,3,4,0
2019,0,2,0,4,0,5,1,1,0,7,1,3,2,0,7,7,0,2,1,0,3,0,1
2020,0,5,0,4,1,5,1,0,0,9,1,1,2,2,7,7,0,2,1,4,3,5,0
2021,0,5,3,3,1,5,1,0,0,5,1,1,2,2,3,6,0,2,1,4,2,5,0
2022,0,5,0,4,1,5,1,0,0,9,1,1,2,2,7,3,0,2,1,4,3,5,0
2023,0,5,0,4,0,5,1,1,0,4,1,3,2,0,7,7,0,2,1,0,2,3,1
2024,0,5,0,3,1,5,1,0,0,9,1,1,2,2,7,7,0,2,1,4,3,5,0
2025,0,5,0,4,1,5,1,0,0,5,1,1,2,2,6,6,0,2,1,4,2,4,0
2026,0,5,0,3,0,5,1,1,0,7,1,3,0,2,7,7,0,2,1,0,2,0,1
2027,0,5,0,4,1,5,1,0,0,5,1,1,2,2,7,6,0,2,1,4,3,4,0
2028,0,5,2,4,0,5,1,1,0,3,1,3,0,0,7,7,0,2,1,0,2,0,1
2029,0,0,3,8,1,3,1,0,0,4,0,2,2,2,7,7,0,2,1,4,2,3,3
2030,0,5,3,2,1,5,1,0,0,9,1,1,2,2,7,6,0,2,1,4,2,4,0
2031,0,2,2,4,0,5,1,1,0,3,1,3,2,0,7,7,0,2,1,0,3,3,1
2032,0,5,0,2,1,5,1,0,0,10,1,1,2,2,6,6,0,2,1,4,2,5,0
2033,0,2,3,4,1,5,1,0,0,7,1,1,2,2,3,3,0,2,1,4,2,5,0
2034,0,5,3,3,1,5,1,0,0,9,1,1,2,2,6,3,0,2,1,4,2,4,0
2035,0,5,2,3,0,5,1,1,0,7,1,3,2,2,7,7,0,2,1,0,3,0,1
2036,0,5,2,4,0,5,1,1,0,4,1,3,0,2,7,7,0,2,1,0,2,3,1
2037,0,5,0,3,0,5,1,1,0,7,1,3,0,0,7,7,0,2,1,0,3,0,1
2038,0,5,2,3,0,5,1,1,0,5,1,3,2,2,7,7,0,2,1,0,2,0,1
2039,0,5,3,2,1,5,1,0,0,10,1,1,2,2,7,6,0,2,1,4,2,5,0
2040,0,2,0,3,1,5,1,0,0,10,1,1,2,2,6,7,0,2,1,4,3,5,0
2041,0,2,0,4,1,5,1,0,0,5,1,1,2,2,6,7,0,2,1,4,2,5,0
2042,0,5,0,4,0,5,1,1,0,4,1,3,0,0,7,7,0,2,1,0,3,3,1
2043,0,2,2,4,0,5,1,1,0,5,1,3,2,0,7,7,0,2,1,0,3,3,1
2044,0,5,0,8,0,5,1,1,0,5,1,3,2,2,7,7,0,2,1,0,2,3,1
2045,0,5,3,9,1,0,1,0,0,7,0,4,2,3,7,7,0,2,1,4,3,3,4
2046,0,5,0,2,1,5,1,0,0,9,1,1,2,2,7,6,0,2,1,4,3,4,0
2047,0,5,0,4,0,5,1,1,0,3,1,3,0,2,7,7,0,2,1,0,2,3,1
2048,0,5,3,4,1,5,1,0,0,7,1,1,2,2,7,3,0,2,1,4,2,4,0
2049,0,2,0,3,1,5,1,0,0,5,1,1,2,2,7,6,0,2,1,4,3,5,0
2050,0,5,0,8,0,5,1,1,0,4,1,3,0,2,7,7,0,2,1,0,3,0,1
2051,0,5,3,8,1,0,1,0,0,4,0,2,2,2,7,7,0,2,1,4,2,3,3
2052,0,5,2,4,0,5,1,1,0,7,1,3,2,2,7,7,0,2,1,0,3,3,1
2053,0,2,2,8,0,5,1,1,0,7,1,3,2,2,7,7,0,2,1,0,3,0,1
2054,0,2,0,4,1,5,1,0,0,9,1,1,2,2,3,7,0,2,1,4,3,4,0
2055,0,2,0,8,0,5,1,1,0,4,1,3,0,0,7,7,0,2,1,0,2,3,1
2056,0,5,0,3,1,5,1,0,0,9,1,1,2,2,3,6,0,2,1,4,3,4,0
2057,0,5,0,4,1,5,1,0,0,7,1,1,2,2,7,3,0,2,1,4,3,5,0
2058,0,5,0,8,0,5,1,1,0,7,1,3,2,0,7,7,0,2,1,0,3,0,1
2059,0,5,2,8,1,0,1,0,0,5,0,2,2,2,7,7,0,2,1,4,2,2,3
2060,0,2,2,3,0,5,1,1,0,5,1,3,0,2,7,7,0,2,1,0,3,3,1
2061,1,2,3,4,1,6,1,0,1,5,0,3,2,2,7,7,0,2,1,4,3,4,1
2062,0,2,0,3,0,5,1,1,0,7,1,3,0,2,7,7,0,2,1,0,3,3,1
2063,0,5,0,4,1,5,1,0,0,5,1,1,2,2,6,7,0,2,1,4,3,4,0
2064,0,5,0,8,0,5,1,1,0,5,1,3,2,0,7,7,0,2,1,0,3,3,1
2065,0,5,3,4,1,5,1,0,0,9,1,1,2,2,6,7,0,2,1,4,2,4,0
2066,0,5,3,2,1,5,1,0,0,7,1,1,2,2,6,6,0,2,1,4,3,4,0
2067,1,2,2,4,1,6,1,0,1,5,0,3,2,2,7,7,0,2,1,4,2,4,5
2068,0,2,2,3,0,5,1,1,0,7,1,3,2,2,7,7,0,2,1,0,3,0,1
2069,0,5,0,3,1,5,1,0,0,5,1,1,2,2,7,3,0,2,1,4,2,5,0
2070,0,2,0,3,1,5,1,0,0,5,1,1,2,2,3,6,0,2,1,4,2,5,0
2071,0,5,0,3,1,5,1,0,0,5,1,1,2,2,7,3,0,2,1,4,2,4,0
2072,0,5,0,3,1,5,1,0,0,10,1,1,2,2,6,6,0,2,1,4,3,5,0
2073,0,5,0,4,1,5,1,0,0,9,1,1,2,2,6,3,0,2,1,4,2,5,0
2074,1,5,2,8,1,6,1,0,1,7,0,3,2,2,7,7,0,2,1,4,3,4,5
2075,0,5,2,9,1,3,1,0,0,4,0,2,2,2,7,7,0,2,1,4,2,2,3
2076,0,5,0,4,1,5,1,0,0,5,1,1,2,2,6,6,0,2,1,4,3,4,0
2077,0,2,3,4,1,5,1,0,0,10,1,1,2,2,7,7,0,2,1,4,3,5,0
2078,0,5,2,3,0,5,1,1,0,5,1,3,0,0,7,7,0,2,1,0,3,3,1
2079,0,5,3,2,1,5,1,0,0,9,1,1,2,2,7,6,0,2,1,4,3,5,0
2080,0,5,0,3,0,5,1,1,0,4,1,3,0,2,7,7,0,2,1,0,3,3,1
2081,0,2,2,8,0,5,1,1,0,7,1,3,0,2,7,7,0,2,1,0,3,3,1
2082,0,5,0,4,1,5,1,0,0,5,1,1,2,2,3,3,0,2,1,4,3,4,0
2083,0,2,0,4,1,5,1,0,0,9,1,1,2,2,7,6,0,2,1,4,3,4,0
2084,0,2,0,3,0,5,1,1,0,5,1,3,2,0,7,7,0,2,1,0,2,3,1
2085,0,2,0,3,0,5,1,1,0,5,1,3,2,2,7,7,0,2,1,0,2,3,1
2086,0,2,0,4,0,5,1,1,0,3,1,3,0,0,7,7,0,2,1,0,3,3,1
2087,0,5,0,3,1,5,1,0,0,7,1,1,2,2,3,7,0,2,1,4,2,5,0
2088,0,5,0,2,1,5,1,0,0,5,1,1,2,2,6,3,0,2,1,4,3,5,0
2089,1,2,3,4,1,6,1,0,1,7,0,3,2,2,7,7,0,2,1,4,2,3,5
2090,0,5,3,3,1,5,1,0,0,7,1,1,2,2,3,3,0,2,1,4,2,4,0
2091,0,5,2,8,0,5,1,1,0,4,1,3,2,0,7,7,0,2,1,0,3,0,1
2092,0,0,2,8,1,0,1,0,0,2,0,2,2,2,7,7,0,2,1,4,3,3,3
2093,0,5,2,8,0,5,1,1,0,3,1,3,0,0,7,7,0,2,1,0,3,3,1
2094,0,2,0,4,0,5,1,1,0,4,1,3,0,0,7,7,0,2,1,0,2,3,1
2095,0,5,3,3,1,5,1,0,0,7,1,1,2,2,3,7,0,2,1,4,2,5,0
2096,0,2,0,3,1,5,1,0,0,5,1,1,2,2,7,7,0,2,1,4,3,4,0
2097,0,5,0,3,0,5,1,1,0,7,1,3,0,2,7,7,0,2,1,0,2,3,1
2098,1,5,2,8,1,6,1,0,1,5,0,3,2,2,7,7,0,2,1,4,2,3,1
2099,0,5,2,4,0,5,1,1,0,4,1,3,2,2,7,7,0,2,1,0,3,0,1
2100,0,5,3,3,1,5,1,0,0,7,1,1,2,2,7,3,0,2,1,4,2,5,0
2101,0,2,0,3,1,5,1,0,0,7,1,1,2,2,7,7,0,2,1,4,3,4,0
2102,0,5,3,4,1,5,1,0,0,10,1,1,2,2,6,7,0,2,1,4,3,4,0
2103,0,5,0,2,1,5,1,0,0,7,1,1,2,2,6,3,0,2,1,4,3,5,0
2104,0,2,0,4,1,5,1,0,0,10,1,1,2,2,3,6,0,2,1,4,3,5,0
2105,0,5,0,2,1,5,1,0,0,9,1,1,2,2,3,3,0,2,1,4,2,5,0
2106,0,2,0,4,1,5,1,0,0,7,1,1,2,2,7,7,0,2,1,4,3,4,0
2107,0,5,3,2,1,5,1,0,0,9,1,1,2,2,6,6,0,2,1,4,2,5,0
2108,0,5,0,3,1,5,1,0,0,10,1,1,2,2,6,7,0,2,1,4,2,4,0
2109,0,2,0,3,1,5,1,0,0,7,1,1,2,2,7,7,0,2,1,4,2,4,0
2110,0,5,0,2,1,5,1,0,0,10,1,1,2,2,3,7,0,2,1,4,2,4,0
2111,0,5,3,2,1,5,1,0,0,9,1,1,2,2,3,6,0,2,1,4,3,4,0
2112,1,5,2,8,1,6,1,0,1,10,0,3,2,2,7,7,0,2,1,4,3,4,1
2113,0,5,0,2,1,5,1,0,0,5,1,1,2,2,6,3,0,2,1,4,3,4,0
2114,0,5,3,3,1,5,1,0,0,7,1,1,2,2,7,7,0,2,1,4,2,4,0
2115,0,5,0,4,1,5,1,0,0,7,1,1,2,2,3,3,0,2,1,4,3,5,0
2116,0,5,3,2,1,5,1,0,0,10,1,1,2,2,7,3,0,2,1,4,2,5,0
2117,0,5,3,3,1,5,1,0,0,5,1,1,2,2,3,6,0,2,1,4,2,4,0
2118,0,5,0,3,1,5,1,0,0,5,1,1,2,2,6,6,0,2,1,4,2,4,0
2119,0,5,3,3,1,5,1,0,0,9,1,1,2,2,3,7,0,2,1,4,2,4,0
2120,0,5,0,2,1,5,1,0,0,7,1,1,2,2,7,7,0,2,1,4,3,5,0
2121,0,2,3,2,1,5,1,0,0,5,1,1,2,2,7,7,0,2,1,4,3,5,0
2122,0,2,0,4,1,5,1,0,0,7,1,1,2,2,3,6,0,2,1,4,2,4,0
2123,0,5,0,4,1,5,1,0,0,9,1,1,2,2,7,6,0,2,1,4,2,4,0
2124,0,2,3,3,1,5,1,0,0,10,1,1,2,2,6,6,0,2,1,4,2,4,0
2125,0,5,3,2,1,5,1,0,0,9,1,1,2,2,6,3,0,2,1,4,3,4,0
2126,0,5,0,3,1,5,1,0,0,7,1,1,2,2,3,3,0,2,1,4,3,5,0
2127,0,5,3,3,1,5,1,0,0,5,1,1,2,2,7,6,0,2,1,4,2,4,0
2128,1,5,0,3,0,2,1,0,0,7,0,1,1,1,0,0,0,2,1,2,1,5,1
2129,1,2,2,8,1,6,1,0,1,7,0,3,2,2,7,7,0,2,1,4,2,3,1
2130,0,5,0,2,1,5,1,0,0,5,1,1,2,2,6,7,0,2,1,4,2,4,0
2131,0,5,0,8,0,5,1,1,0,3,1,3,2,2,7,7,0,2,1,0,3,3,1
2132,0,5,3,4,1,5,1,0,0,9,1,1,2,2,3,7,0,2,1,4,3,4,0
2133,0,2,0,4,1,5,1,0,0,5,1,1,2,2,3,7,0,2,1,4,3,5,0
2134,0,5,0,4,1,5,1,0,0,10,1,1,2,2,6,3,0,2,1,4,3,4,0
2135,0,5,3,3,1,5,1,0,0,9,1,1,2,2,6,7,0,2,1,4,3,5,0
2136,0,5,3,3,1,5,1,0,0,10,1,1,2,2,3,7,0,2,1,4,3,4,0
2137,0,5,0,2,1,5,1,0,0,9,1,1,2,2,7,6,0,2,1,4,2,4,0
2138,0,5,3,4,1,5,1,0,0,5,1,1,2,2,7,3,0,2,1,4,3,5,0
2139,0,5,0,3,1,5,1,0,0,10,1,1,2,2,6,3,0,2,1,4,2,5,0
2140,0,5,0,2,1,5,1,0,0,10,1,1,2,2,6,7,0,2,1,4,2,4,0
2141,0,5,3,2,1,5,1,0,0,9,1,1,2,2,7,3,0,2,1,4,2,4,0
2142,0,5,3,4,1,5,1,0,0,7,1,1,2,2,6,7,0,2,1,4,3,5,0
2143,0,5,3,2,1,5,1,0,0,5,1,1,2,2,7,7,0,2,1,4,2,5,0
2144,0,2,3,4,1,5,1,0,0,7,1,1,2,2,7,3,0,2,1,4,3,4,0
2145,0,2,3,4,1,5,1,0,0,5,1,1,2,2,6,7,0,2,1,4,2,4,0
2146,0,5,3,4,1,5,1,0,0,5,1,1,2,2,3,3,0,2,1,4,3,4,0
2147,1,2,2,4,1,6,1,0,1,5,0,3,2,2,7,7,0,2,1,4,3,4,5
2148,0,2,0,2,1,5,1,0,0,9,1,1,2,2,7,7,0,2,1,4,3,5,0
2149,1,5,2,8,1,6,1,0,1,10,0,3,2,2,7,7,0,2,1,4,2,3,1
2150,0,5,0,2,1,5,1,0,0,9,1,1,2,2,3,6,0,2,1,4,2,5,0
2151,0,2,0,4,1,5,1,0,0,7,1,1,2,2,3,3,0,2,1,4,2,5,0
2152,0,5,3,4,1,5,1,0,0,9,1,1,2,2,6,3,0,2,1,4,3,4,0
2153,0,2,0,2,1,5,1,0,0,7,1,1,2,2,7,3,0,2,1,4,3,4,0
2154,0,5,0,2,1,5,1,0,0,5,1,1,2,2,7,3,0,2,1,4,3,5,0
2155,0,5,0,3,1,5,1,0,0,7,1,1,2,2,3,6,0,2,1,4,3,4,0
2156,0,5,3,4,1,5,1,0,0,5,1,1,2,2,6,3,0,2,1,4,3,5,0
2157,0,2,0,4,1,5,1,0,0,9,1,1,2,2,7,3,0,2,1,4,3,4,0
2158,0,2,0,4,1,5,1,0,0,10,1,1,2,2,6,6,0,2,1,4,3,5,0
2159,0,5,0,2,1,5,1,0,0,9,1,1,2,2,7,3,0,2,1,4,2,4,0
2160,0,5,0,4,1,5,1,0,0,9,1,1,2,2,7,3,0,2,1,4,2,5,0
2161,0,5,0,2,1,5,1,0,0,7,1,1,2,2,3,7,0,2,1,4,3,5,0
2162,0,2,0,3,1,5,1,0,0,7,1,1,2,2,3,6,0,2,1,4,2,4,0
2163,0,5,3,4,1,5,1,0,0,9,1,1,2,2,7,6,0,2,1,4,2,5,0
2164,0,2,0,4,1,5,1,0,0,9,1,1,2,2,7,6,0,2,1,4,3,5,0
2165,0,5,0,2,1,5,1,0,0,5,1,1,2,2,7,6,0,2,1,4,3,5,0
2166,0,5,3,2,1,5,1,0,0,10,1,1,2,2,6,7,0,2,1,4,3,5,0
2167,0,5,0,3,1,5,1,0,0,7,1,1,2,2,6,3,0,2,1,4,2,5,0
2168,0,5,3,3,1,5,1,0,0,5,1,1,2,2,3,3,0,2,1,4,2,5,0
2169,0,5,3,2,1,5,1,0,0,7,1,1,2,2,6,3,0,2,1,4,3,4,0
2170,0,5,3,3,1,5,1,0,0,7,1,1,2,2,3,6,0,2,1,4,2,4,0
2171,0,5,0,3,1,5,1,0,0,5,1,1,2,2,3,3,0,2,1,4,3,4,0
2172,0,2,0,3,1,5,1,0,0,5,1,1,2,2,3,3,0,2,1,4,3,4,0
2173,0,5,3,3,1,5,1,0,0,5,1,1,2,2,3,7,0,2,1,4,2,4,0
2174,0,5,3,2,1,5,1,0,0,5,1,1,2,2,7,3,0,2,1,4,3,5,0
2175,0,2,0,4,1,5,1,0,0,7,1,1,2,2,7,6,0,2,1,4,2,4,0
2176,0,2,0,4,1,5,1,0,0,10,1,1,2,2,3,7,0,2,1,4,2,5,0
2177,0,5,3,2,1,5,1,0,0,7,1,1,2,2,7,7,0,2,1,4,3,4,0
2178,1,5,0,3,0,2,1,0,0,7,0,1,1,1,4,6,0,2,1,2,1,5,0
2179,0,5,3,3,1,5,1,0,0,9,1,1,2,2,6,7,0,2,1,4,2,5,0
2180,0,5,0,2,1,5,1,0,0,10,1,1,2,2,6,3,0,2,1,4,3,5,0
2181,0,5,3,4,1,5,1,0,0,9,1,1,2,2,3,6,0,2,1,4,3,4,0
2182,0,2,0,4,1,5,1,0,0,7,1,1,2,2,3,7,0,2,1,4,3,5,0
2183,0,5,3,2,1,5,1,0,0,10,1,1,2,2,3,6,0,2,1,4,2,4,0
2184,0,2,0,4,1,5,1,0,0,7,1,1,2,2,3,3,0,2,1,4,2,4,0
2185,0,2,3,4,1,5,1,0,0,7,1,1,2,2,7,3,0,2,1,4,2,5,0
2186,0,2,0,3,1,5,1,0,0,7,1,1,2,2,7,6,0,2,1,4,2,5,0
2187,0,5,0,2,1,5,1,0,0,5,1,1,2,2,6,7,0,2,1,4,2,5,0
2188,0,5,0,3,1,5,1,0,0,10,1,1,2,2,3,6,0,2,1,4,2,4,0
2189,0,5,0,3,1,5,1,0,0,9,1,1,2,2,3,7,0,2,1,4,3,4,0
2190,0,5,0,4,1,5,1,0,0,9,1,1,2,2,6,7,0,2,1,4,2,4,0
2191,0,5,0,3,1,5,1,0,0,10,1,1,2,2,7,3,0,2,1,4,2,5,0
2192,0,5,2,3,0,5,1,1,0,4,1,3,2,2,7,7,0,2,1,0,3,3,1
2193,0,5,3,2,1,5,1,0,0,9,1,1,2,2,6,3,0,2,1,4,2,5,0
2194,0,2,0,3,1,5,1,0,0,7,1,1,2,2,6,3,0,2,1,4,2,5,0
2195,0,5,3,2,1,5,1,0,0,5,1,1,2,2,3,7,0,2,1,4,3,4,0
2196,0,2,0,3,1,5,1,0,0,5,1,1,2,2,3,6,0,2,1,4,2,4,0
2197,0,5,0,3,1,5,1,0,0,9,1,1,2,2,7,6,0,2,1,4,2,5,0
2198,0,5,0,3,1,5,1,0,0,5,1,1,2,2,6,6,0,2,1,4,3,4,0
2199,0,2,0,3,1,5,1,0,0,7,1,1,2,2,7,6,0,2,1,4,3,5,0
2200,0,5,2,8,0,5,1,1,0,7,1,3,2,0,7,7,0,2,1,0,3,0,1
2201,0,5,0,4,1,5,1,0,0,10,1,1,2,2,3,7,0,2,1,4,3,5,0
2202,0,2,0,4,1,5,1,0,0,10,1,1,2,2,6,6,0,2,1,4,2,4,0
2203,0,2,0,3,1,5,1,0,0,7,1,1,2,2,3,3,0,2,1,4,2,5,0
2204,0,5,3,3,1,5,1,0,0,10,1,1,2,2,7,7,0,2,1,4,2,5,0
2205,0,5,0,2,1,5,1,0,0,9,1,1,2,2,7,7,0,2,1,4,3,4,0
2206,0,5,3,2,1,5,1,0,0,9,1,1,2,2,3,6,0,2,1,4,2,4,0
2207,0,5,0,4,1,5,1,0,0,10,1,1,2,2,3,6,0,2,1,4,2,5,0
2208,0,2,3,3,1,5,1,0,0,10,1,1,2,2,7,7,0,2,1,4,2,5,0
2209,0,5,3,3,1,5,1,0,0,10,1,1,2,2,6,6,0,2,1,4,3,4,0
2210,1,5,2,5,0,1,1,1,1,2,0,1,2,2,7,7,0,2,1,4,3,3,0
2211,0,5,3,4,1,5,1,0,0,7,1,1,2,2,3,6,0,2,1,4,3,5,0
2212,0,2,0,3,1,5,1,0,0,5,1,1,2,2,6,7,0,2,1,4,2,4,0
2213,0,5,3,2,1,5,1,0,0,7,1,1,2,2,7,6,0,2,1,4,2,5,0
2214,0,2,0,4,1,5,1,0,0,7,1,1,2,2,6,7,0,2,1,4,3,4,0
2215,0,5,3,4,1,5,1,0,0,10,1,1,2,2,7,3,0,2,1,4,3,4,0
2216,0,5,0,3,1,5,1,0,0,10,1,1,2,2,3,7,0,2,1,4,3,5,0
2217,0,2,0,4,1,5,1,0,0,7,1,1,2,2,3,7,0,2,1,4,3,4,0
2218,0,5,3,4,1,5,1,0,0,5,1,1,2,2,6,7,0,2,1,4,2,4,0
2219,0,5,3,4,1,5,1,0,0,10,1,1,2,2,6,7,0,2,1,4,2,4,0
2220,0,5,0,2,1,5,1,0,0,10,1,1,2,2,6,7,0,2,1,4,3,4,0
2221,0,2,0,3,1,5,1,0,0,7,1,1,2,2,7,6,0,2,1,4,2,4,0
2222,0,5,3,2,1,5,1,0,0,5,1,1,2,2,7,7,0,2,1,4,3,4,0
2223,0,5,3,2,1,5,1,0,0,9,1,1,2,2,3,3,0,2,1,4,3,4,0
2224,0,2,0,4,1,5,1,0,0,10,1,1,2,2,6,3,0,2,1,4,3,5,0
2225,0,5,0,2,1,5,1,0,0,7,1,1,2,2,7,6,0,2,1,4,2,4,0
2226,0,5,0,2,1,5,1,0,0,5,1,1,2,2,6,6,0,2,1,4,3,5,0
2227,0,5,0,8,0,5,1,1,0,4,1,3,0,0,7,7,0,2,1,0,3,3,1
2228,0,5,3,3,1,5,1,0,0,7,1,1,2,2,3,3,0,2,1,4,2,5,0
2229,0,5,0,2,1,5,1,0,0,7,1,1,2,2,3,7,0,2,1,4,2,4,0
2230,0,5,3,3,1,5,1,0,0,7,1,1,2,2,6,7,0,2,1,4,3,4,0
2231,0,5,0,2,1,5,1,0,0,10,1,1,2,2,7,6,0,2,1,4,2,4,0
2232,0,5,0,3,1,5,1,0,0,7,1,1,2,2,7,7,0,2,1,4,3,5,0
2233,0,2,3,2,1,5,1,0,0,7,1,1,2,2,7,3,0,2,1,4,3,4,0
2234,0,2,3,3,1,5,1,0,0,7,1,1,2,2,6,3,0,2,1,4,2,4,0
2235,0,5,3,2,1,5,1,0,0,7,1,1,2,2,6,7,0,2,1,4,2,5,0
2236,0,5,3,3,1,5,1,0,0,7,1,1,2,2,7,3,0,2,1,4,3,5,0
2237,0,2,0,3,0,5,1,1,0,3,1,3,2,0,7,7,0,2,1,0,2,3,1
2238,1,5,0,3,0,2,1,0,0,2,0,1,1,1,0,6,0,2,1,2,1,5,4
2239,0,5,0,2,1,5,1,0,0,7,1,1,2,2,3,7,0,2,1,4,2,5,0
2240,0,5,3,2,1,5,1,0,0,10,1,1,2,2,7,3,0,2,1,4,3,5,0
2241,1,2,2,8,1,6,1,0,1,10,0,3,2,2,7,7,0,2,1,4,2,4,1
2242,0,2,3,4,1,5,1,0,0,9,1,1,2,2,7,7,0,2,1,4,2,5,0
2243,0,5,0,2,1,5,1,0,0,5,1,1,2,2,6,7,0,2,1,4,3,5,0
2244,0,5,3,2,1,5,1,0,0,5,1,1,2,2,6,3,0,2,1,4,2,4,0
2245,0,5,0,3,1,5,1,0,0,5,1,1,2,2,3,7,0,2,1,4,2,4,0
2246,0,5,3,3,1,5,1,0,0,7,1,1,2,2,3,6,0,2,1,4,3,4,0
2247,0,5,0,3,0,5,1,1,0,5,1,3,0,0,7,7,0,2,1,0,3,0,1
2248,0,5,0,4,1,5,1,0,0,9,1,1,2,2,3,7,0,2,1,4,3,5,0
2249,0,2,0,2,1,5,1,0,0,5,1,1,2,2,3,7,0,2,1,4,2,5,0
2250,0,5,3,3,1,5,1,0,0,9,1,1,2,2,3,3,0,2,1,4,3,5,0
2251,0,2,0,4,1,5,1,0,0,10,1,1,2,2,3,6,0,2,1,4,2,5,0
2252,0,2,0,3,0,5,1,1,0,3,1,3,0,0,7,7,0,2,1,0,3,3,1
2253,0,2,0,3,1,5,1,0,0,7,1,1,2,2,6,7,0,2,1,4,3,4,0
2254,0,5,3,4,1,5,1,0,0,10,1,1,2,2,7,7,0,2,1,4,2,4,0
2255,0,2,0,3,1,5,1,0,0,7,1,1,2,2,6,6,0,2,1,4,2,5,0
2256,0,2,3,4,1,5,1,0,0,9,1,1,2,2,7,7,0,2,1,4,3,5,0
2257,0,5,0,3,1,5,1,0,0,10,1,1,2,2,6,3,0,2,1,4,3,4,0
2258,0,5,3,2,1,5,1,0,0,9,1,1,2,2,6,7,0,2,1,4,3,4,0
2259,0,5,3,4,1,5,1,0,0,5,1,1,2,2,6,6,0,2,1,4,3,4,0
2260,0,2,2,3,0,5,1,1,0,5,1,3,0,2,7,7,0,2,1,0,3,0,1
2261,0,5,0,4,1,5,1,0,0,10,1,1,2,2,7,6,0,2,1,4,2,5,0
2262,0,2,0,4,1,5,1,0,0,5,1,1,2,2,7,3,0,2,1,4,2,5,0
2263,0,5,3,2,1,5,1,0,0,10,1,1,2,2,6,6,0,2,1,4,3,5,0
2264,0,5,3,2,1,5,1,0,0,10,1,1,2,2,6,3,0,2,1,4,2,5,0
2265,0,5,3,4,1,5,1,0,0,5,1,1,2,2,6,7,0,2,1,4,2,5,0
2266,0,2,2,8,0,5,1,1,0,3,1,3,2,0,7,7,0,2,1,0,2,0,1
2267,0,5,3,4,1,5,1,0,0,7,1,1,2,2,3,3,0,2,1,4,3,4,0
2268,0,5,3,2,1,5,1,0,0,7,1,1,2,2,7,7,0,2,1,4,2,5,0
2269,0,5,0,3,1,5,1,0,0,7,1,1,2,2,6,3,0,2,1,4,3,4,0
2270,0,2,0,3,1,5,1,0,0,5,1,1,2,2,6,7,0,2,1,4,3,4,0
2271,0,2,0,4,0,5,1,1,0,5,1,3,2,0,7,7,0,2,1,0,2,3,1
2272,0,2,0,3,1,5,1,0,0,5,1,1,2,2,7,6,0,2,1,4,2,4,0
2273,0,5,3,2,1,5,1,0,0,9,1,1,2,2,3,7,0,2,1,4,2,5,0
2274,0,2,0,3,1,5,1,0,0,5,1,1,2,2,7,3,0,2,1,4,2,4,0
2275,0,5,3,4,1,5,1,0,0,9,1,1,2,2,7,6,0,2,1,4,3,5,0
2276,0,5,0,2,1,5,1,0,0,9,1,1,2,2,6,3,0,2,1,4,2,5,0
2277,0,5,0,4,1,5,1,0,0,10,1,1,2,2,7,6,0,2,1,4,3,5,0
2278,0,5,0,3,1,5,1,0,0,5,1,1,2,2,7,7,0,2,1,4,3,4,0
2279,0,2,0,3,1,5,1,0,0,10,1,1,2,2,3,7,0,2,1,4,3,4,0
2280,0,5,0,4,1,5,1,0,0,7,1,1,2,2,6,3,0,2,1,4,2,5,0
2281,0,5,3,4,1,5,1,0,0,9,1,1,2,2,6,3,0,2,1,4,3,5,0
2282,0,5,0,2,1,5,1,0,0,7,1,1,2,2,7,3,0,2,1,4,3,4,0
2283,0,2,0,3,1,5,1,0,0,5,1,1,2,2,7,3,0,2,1,4,2,5,0
2284,0,5,3,4,1,5,1,0,0,7,1,1,2,2,7,6,0,2,1,4,2,5,0
2285,1,5,2,5,0,1,1,1,1,5,0,1,2,2,7,7,0,2,1,4,2,4,0
2286,0,2,3,3,1,5,1,0,0,10,1,1,2,2,3,7,0,2,1,4,2,5,0
2287,0,2,0,4,1,5,1,0,0,7,1,1,2,2,7,3,0,2,1,4,3,5,0
2288,1,2,2,4,1,6,1,0,1,7,0,3,2,2,7,7,0,2,1,4,2,3,5
2289,0,5,3,4,1,5,1,0,0,9,1,1,2,2,7,3,0,2,1,4,2,5,0
2290,0,5,3,3,1,5,1,0,0,9,1,1,2,2,3,3,0,2,1,4,2,5,0
2291,0,5,3,2,1,5,1,0,0,5,1,1,2,2,3,3,0,2,1,4,2,4,0
2292,0,5,3,2,1,5,1,0,0,5,1,1,2,2,6,7,0,2,1,4,3,4,0
2293,0,5,3,2,1,5,1,0,0,7,1,1,2,2,7,3,0,2,1,4,2,4,0
2294,0,5,0,3,1,5,1,0,0,7,1,1,2,2,6,3,0,2,1,4,3,5,0
2295,0,2,2,8,0,5,1,1,0,5,1,3,2,2,7,7,0,2,1,0,2,3,1
2296,0,5,3,3,1,5,1,0,0,7,1,1,2,2,7,6,0,2,1,4,3,4,0
2297,0,5,0,4,0,5,1,1,0,7,1,3,2,0,7,7,0,2,1,0,3,3,1
2298,0,5,0,4,1,5,1,0,0,10,1,1,2,2,3,6,0,2,1,4,3,5,0
2299,0,5,3,3,1,5,1,0,0,7,1,1,2,2,6,6,0,2,1,4,2,4,0
2300,0,5,3,2,1,5,1,0,0,7,1,1,2,2,7,6,0,2,1,4,3,4,0
2301,0,5,3,4,1,5,1,0,0,9,1,1,2,2,3,6,0,2,1,4,2,4,0
2302,0,5,0,3,1,5,1,0,0,10,1,1,2,2,6,7,0,2,1,4,3,4,0
2303,0,5,0,3,1,5,1,0,0,10,1,1,2,2,6,7,0,2,1,4,2,5,0
2304,0,5,3,3,1,5,1,0,0,10,1,1,2,2,6,3,0,2,1,4,2,4,0
2305,0,5,3,3,1,5,1,0,0,5,1,1,2,2,6,6,0,2,1,4,3,5,0
2306,0,2,3,3,1,5,1,0,0,7,1,1,2,2,3,3,0,2,1,4,3,4,0
2307,0,5,0,2,1,5,1,0,0,7,1,1,2,2,7,7,0,2,1,4,2,4,0
2308,0,5,3,2,1,5,1,0,0,5,1,1,2,2,3,7,0,2,1,4,2,5,0
2309,0,5,0,4,1,5,1,0,0,10,1,1,2,2,6,7,0,2,1,4,3,4,0
2310,0,5,0,4,1,5,1,0,0,10,1,1,2,2,6,6,0,2,1,4,3,5,0
2311,0,2,0,4,1,5,1,0,0,5,1,1,2,2,3,3,0,2,1,4,2,4,0
2312,0,2,0,4,1,5,1,0,0,7,1,1,2,2,6,6,0,2,1,4,3,5,0
2313,0,5,3,3,1,5,1,0,0,9,1,1,2,2,6,6,0,2,1,4,3,4,0
2314,0,5,0,2,1,5,1,0,0,10,1,1,2,2,7,3,0,2,1,4,2,5,0
2315,0,2,3,4,1,5,1,0,0,10,1,1,2,2,6,3,0,2,1,4,2,4,0
2316,0,5,3,2,1,5,1,0,0,7,1,1,2,2,7,7,0,2,1,4,2,4,0
2317,0,2,3,4,1,5,1,0,0,10,1,1,2,2,7,6,0,2,1,4,2,5,0
2318,0,5,3,3,1,5,1,0,0,7,1,1,2,2,7,7,0,2,1,4,2,5,0
2319,0,2,0,4,1,5,1,0,0,5,1,1,2,2,6,7,0,2,1,4,3,4,0
2320,0,5,3,3,1,5,1,0,0,10,1,1,2,2,3,6,0,2,1,4,2,5,0
2321,0,5,3,2,1,5,1,0,0,10,1,1,2,2,6,6,0,2,1,4,2,4,0
2322,0,5,3,4,1,5,1,0,0,7,1,1,2,2,7,3,0,2,1,4,2,5,0
2323,0,5,0,3,1,5,1,0,0,10,1,1,2,2,7,6,0,2,1,4,2,5,0
2324,0,5,0,2,1,5,1,0,0,9,1,1,2,2,7,3,0,2,1,4,3,5,0
2325,0,5,0,4,1,5,1,0,0,9,1,1,2,2,6,6,0,2,1,4,2,4,0
2326,0,2,0,4,1,5,1,0,0,10,1,1,2,2,3,7,0,2,1,4,3,5,0
2327,0,2,3,3,1,5,1,0,0,9,1,1,2,2,6,6,0,2,1,4,3,4,0
2328,0,5,0,4,1,5,1,0,0,10,1,1,2,2,6,7,0,2,1,4,2,4,0
2329,0,5,3,2,1,5,1,0,0,10,1,1,2,2,6,7,0,2,1,4,2,5,0
2330,0,2,0,4,1,5,1,0,0,10,1,1,2,2,6,3,0,2,1,4,2,4,0
2331,0,5,3,4,1,5,1,0,0,10,1,1,2,2,3,6,0,2,1,4,2,4,0
2332,0,2,0,4,1,5,1,0,0,5,1,1,2,2,7,6,0,2,1,4,2,5,0
2333,0,5,3,2,1,5,1,0,0,9,1,1,2,2,7,3,0,2,1,4,3,5,0
2334,0,5,3,2,1,5,1,0,0,9,1,1,2,2,6,3,0,2,1,4,3,5,0
2335,0,5,0,3,1,5,1,0,0,10,1,1,2,2,3,3,0,2,1,4,3,4,0
2336,0,5,0,3,1,5,1,0,0,7,1,1,2,2,7,6,0,2,1,4,3,4,0
2337,0,2,0,2,1,5,1,0,0,9,1,1,2,2,7,6,0,2,1,4,3,4,0
2338,0,5,0,4,1,5,1,0,0,10,1,1,2,2,7,3,0,2,1,4,3,5,0
2339,0,5,3,2,1,5,1,0,0,5,1,1,2,2,6,6,0,2,1,4,3,5,0
2340,0,5,3,3,1,5,1,0,0,9,1,1,2,2,6,7,0,2,1,4,3,4,0
2341,0,5,3,3,1,5,1,0,0,9,1,1,2,2,7,6,0,2,1,4,2,5,0
2342,0,5,0,2,1,5,1,0,0,9,1,1,2,2,6,7,0,2,1,4,3,4,0
2343,0,2,0,4,1,5,1,0,0,10,1,1,2,2,7,7,0,2,1,4,3,4,0
2344,0,5,3,4,1,5,1,0,0,7,1,1,2,2,6,6,0,2,1,4,3,5,0
2345,0,5,3,3,1,5,1,0,0,9,1,1,2,2,3,6,0,2,1,4,2,4,0
2346,0,5,0,8,0,5,1,1,0,3,1,3,2,0,7,7,0,2,1,0,3,3,1
2347,0,2,3,3,1,5,1,0,0,10,1,1,2,2,3,3,0,2,1,4,3,5,0
2348,0,2,2,3,0,5,1,1,0,5,1,3,0,0,7,7,0,2,1,0,3,3,1
2349,0,2,0,4,1,5,1,0,0,9,1,1,2,2,3,7,0,2,1,4,3,5,0
2350,0,5,3,2,1,5,1,0,0,10,1,1,2,2,7,7,0,2,1,4,2,5,0
2351,1,2,3,8,1,6,1,0,1,10,0,3,2,2,7,7,0,2,1,4,3,3,5
2352,0,5,3,3,1,5,1,0,0,5,1,1,2,2,7,3,0,2,1,4,2,4,0
2353,0,2,0,4,1,5,1,0,0,10,1,1,2,2,7,7,0,2,1,4,2,5,0
2354,0,5,0,3,1,5,1,0,0,10,1,1,2,2,3,3,0,2,1,4,3,5,0
2355,0,5,0,2,1,5,1,0,0,5,1,1,2,2,6,3,0,2,1,4,2,4,0
2356,0,2,0,3,1,5,1,0,0,5,1,1,2,2,3,7,0,2,1,4,2,4,0
2357,0,5,3,4,1,5,1,0,0,7,1,1,2,2,6,3,0,2,1,4,3,5,0
2358,0,5,3,2,1,5,1,0,0,5,1,1,2,2,6,7,0,2,1,4,2,5,0
2359,0,5,3,4,1,5,1,0,0,5,1,1,2,2,6,3,0,2,1,4,3,4,0
2360,0,5,3,4,1,5,1,0,0,5,1,1,2,2,7,7,0,2,1,4,3,5,0
2361,0,2,0,4,1,5,1,0,0,7,1,1,2,2,3,7,0,2,1,4,2,5,0
2362,0,5,3,3,1,5,1,0,0,9,1,1,2,2,3,6,0,2,1,4,2,5,0
2363,0,5,3,4,1,5,1,0,0,5,1,1,2,2,7,6,0,2,1,4,2,5,0
2364,0,5,0,2,1,5,1,0,0,10,1,1,2,2,7,3,0,2,1,4,2,4,0
2365,0,2,0,4,1,5,1,0,0,7,1,1,2,2,6,3,0,2,1,4,2,5,0
2366,0,5,0,2,1,5,1,0,0,5,1,1,2,2,7,7,0,2,1,4,2,4,0
2367,0,2,2,8,0,5,1,1,0,4,1,3,2,2,7,7,0,2,1,0,3,0,1
2368,0,5,3,4,1,5,1,0,0,5,1,1,2,2,3,7,0,2,1,4,2,4,0
2369,0,5,0,3,1,5,1,0,0,10,1,1,2,2,3,3,0,2,1,4,2,5,0
2370,0,5,0,4,1,5,1,0,0,10,1,1,2,2,6,7,0,2,1,4,2,5,0
2371,0,5,0,2,1,5,1,0,0,7,1,1,2,2,3,3,0,2,1,4,3,5,0
2372,0,2,0,4,1,5,1,0,0,5,1,1,2,2,3,6,0,2,1,4,2,5,0
2373,0,5,0,4,1,5,1,0,0,9,1,1,2,2,7,6,0,2,1,4,3,4,0
2374,0,5,3,4,1,5,1,0,0,7,1,1,2,2,7,3,0,2,1,4,3,5,0
2375,1,2,2,8,1,6,1,0,1,10,0,3,2,2,7,7,0,2,1,4,3,4,5
2376,0,5,0,3,1,5,1,0,0,10,1,1,2,2,3,3,0,2,1,4,2,4,0
2377,0,2,2,8,0,5,1,1,0,4,1,3,2,2,7,7,0,2,1,0,2,3,1
2378,0,5,2,3,0,5,1,1,0,7,1,3,2,0,7,7,0,2,1,0,3,3,1
2379,0,5,0,3,1,5,1,0,0,7,1,1,2,2,6,3,0,2,1,4,2,4,0
2380,0,2,0,4,1,5,1,0,0,5,1,1,2,2,6,3,0,2,1,4,2,5,0
2381,0,5,0,2,1,5,1,0,0,5,1,1,2,2,3,3,0,2,1,4,2,4,0
2382,0,5,3,3,1,5,1,0,0,5,1,1,2,2,6,3,0,2,1,4,2,4,0
2383,0,2,0,4,1,5,1,0,0,9,1,1,2,2,7,3,0,2,1,4,2,5,0
2384,0,5,0,4,1,5,1,0,0,10,1,1,2,2,6,6,0,2,1,4,3,4,0
2385,1,5,0,3,0,2,1,0,0,3,0,1,1,1,4,4,0,2,1,2,1,5,0
2386,0,5,3,2,1,5,1,0,0,10,1,1,2,2,3,3,0,2,1,4,2,5,0
2387,0,5,0,4,0,5,1,1,0,3,1,3,2,2,7,7,0,2,1,0,2,0,1
2388,1,5,2,8,1,6,1,0,1,5,0,3,2,2,7,7,0,2,1,4,3,4,1
2389,0,5,3,3,1,5,1,0,0,7,1,1,2,2,6,6,0,2,1,4,3,5,0
2390,0,2,0,4,1,5,1,0,0,5,1,1,2,2,7,7,0,2,1,4,3,4,0
2391,0,5,0,4,1,5,1,0,0,7,1,1,2,2,3,6,0,2,1,4,2,5,0
2392,0,5,3,3,1,5,1,0,0,9,1,1,2,2,6,7,0,2,1,4,2,4,0
2393,0,5,3,3,1,5,1,0,0,10,1,1,2,2,6,6,0,2,1,4,2,4,0
2394,0,2,0,4,1,5,1,0,0,9,1,1,2,2,6,6,0,2,1,4,3,4,0
2395,0,2,0,4,1,5,1,0,0,9,1,1,2,2,3,7,0,2,1,4,2,5,0
2396,0,5,0,3,1,5,1,0,0,9,1,1,2,2,7,3,0,2,1,4,2,4,0
2397,0,2,0,3,1,5,1,0,0,5,1,1,2,2,3,6,0,2,1,4,3,5,0
2398,0,5,3,2,1,5,1,0,0,9,1,1,2,2,3,3,0,2,1,4,3,5,0
2399,0,5,0,2,1,5,1,0,0,5,1,1,2,2,7,7,0,2,1,4,2,5,0
2400,1,5,2,8,1,6,1,0,1,5,0,3,2,2,7,7,0,2,1,4,2,4,1
2401,0,2,0,3,1,5,1,0,0,5,1,1,2,2,7,7,0,2,1,4,2,4,0
2402,0,5,0,3,1,5,1,0,0,7,1,1,2,2,3,6,0,2,1,4,2,4,0
2403,0,2,3,2,1,5,1,0,0,10,1,1,2,2,7,6,0,2,1,4,2,4,0
2404,0,2,3,3,1,5,1,0,0,7,1,1,2,2,6,6,0,2,1,4,2,4,0
2405,0,5,3,4,1,5,1,0,0,10,1,1,2,2,7,7,0,2,1,4,3,4,0
2406,0,5,3,2,1,5,1,0,0,10,1,1,2,2,3,7,0,2,1,4,3,5,0
2407,0,5,0,2,1,5,1,0,0,10,1,1,2,2,7,7,0,2,1,4,3,5,0
2408,0,5,3,2,1,5,1,0,0,10,1,1,2,2,3,7,0,2,1,4,2,5,0
2409,0,2,0,3,1,5,1,0,0,5,1,1,2,2,6,3,0,2,1,4,3,5,0
2410,0,5,0,3,1,5,1,0,0,7,1,1,2,2,7,7,0,2,1,4,2,4,0
2411,0,2,0,4,1,5,1,0,0,7,1,1,2,2,7,6,0,2,1,4,3,4,0
2412,0,5,3,4,1,5,1,0,0,7,1,1,2,2,6,6,0,2,1,4,3,4,0
2413,0,5,3,3,1,5,1,0,0,5,1,1,2,2,6,6,0,2,1,4,2,4,0
2414,0,5,0,3,1,5,1,0,0,9,1,1,2,2,6,6,0,2,1,4,3,4,0
2415,0,5,3,4,1,5,1,0,0,7,1,1,2,2,6,6,0,2,1,4,2,5,0
2416,0,2,0,4,1,5,1,0,0,10,1,1,2,2,3,6,0,2,1,4,3,4,0
2417,0,5,3,4,1,5,1,0,0,9,1,1,2,2,3,7,0,2,1,4,2,5,0
2418,0,5,3,4,1,5,1,0,0,7,1,1,2,2,6,3,0,2,1,4,2,5,0
2419,0,2,0,4,1,5,1,0,0,7,1,1,2,2,6,3,0,2,1,4,2,4,0
2420,0,5,0,4,1,5,1,0,0,9,1,1,2,2,6,3,0,2,1,4,3,5,0
2421,0,5,0,4,1,5,1,0,0,7,1,1,2,2,3,7,0,2,1,4,3,4,0
2422,0,5,3,4,1,5,1,0,0,7,1,1,2,2,3,6,0,2,1,4,2,5,0
2423,0,2,0,3,1,5,1,0,0,5,1,1,2,2,6,6,0,2,1,4,3,5,0
2424,0,5,0,2,1,5,1,0,0,9,1,1,2,2,7,7,0,2,1,4,3,5,0
2425,0,2,0,4,1,5,1,0,0,7,1,1,2,2,3,3,0,2,1,4,3,4,0
2426,1,5,2,5,0,1,1,0,1,2,0,1,2,2,7,7,0,2,1,4,2,4,0
2427,0,5,0,2,1,5,1,0,0,9,1,1,2,2,6,6,0,2,1,4,3,5,0
2428,0,2,0,4,1,5,1,0,0,10,1,1,2,2,6,3,0,2,1,4,2,5,0
2429,0,5,0,4,1,5,1,0,0,10,1,1,2,2,6,6,0,2,1,4,2,5,0
2430,0,2,0,2,1,5,1,0,0,9,1,1,2,2,6,3,0,2,1,4,3,4,0
2431,0,5,3,2,1,5,1,0,0,5,1,1,2,2,7,3,0,2,1,4,2,5,0
2432,0,5,0,3,1,5,1,0,0,10,1,1,2,2,7,3,0,2,1,4,3,5,0
2433,0,5,0,3,1,5,1,0,0,5,1,1,2,2,6,7,0,2,1,4,3,5,0
2434,0,5,0,3,1,5,1,0,0,7,1,1,2,2,3,7,0,2,1,4,2,4,0
2435,0,5,0,3,1,5,1,0,0,9,1,1,2,2,6,3,0,2,1,4,3,5,0
2436,0,2,0,3,1,5,1,0,0,7,1,1,2,2,7,3,0,2,1,4,3,5,0
2437,0,5,0,2,1,5,1,0,0,9,1,1,2,2,7,3,0,2,1,4,3,4,0
2438,0,2,3,4,1,5,1,0,0,7,1,1,2,2,6,3,0,2,1,4,2,5,0
2439,0,2,3,2,1,5,1,0,0,9,1,1,2,2,3,7,0,2,1,4,2,4,0
2440,0,5,3,3,1,5,1,0,0,9,1,1,2,2,7,7,0,2,1,4,3,5,0
2441,0,5,3,3,1,5,1,0,0,10,1,1,2,2,6,6,0,2,1,4,2,5,0
2442,0,5,0,3,1,5,1,0,0,5,1,1,2,2,6,7,0,2,1,4,2,5,0
2443,1,5,0,3,0,2,1,0,0,3,0,1,1,1,0,0,0,2,1,2,1,5,1
2444,0,5,3,4,1,5,1,0,0,9,1,1,2,2,7,6,0,2,1,4,2,4,0
2445,0,5,3,2,1,5,1,0,0,7,1,1,2,2,3,6,0,2,1,4,3,5,0
2446,0,5,0,4,1,5,1,0,0,10,1,1,2,2,6,3,0,2,1,4,2,4,0
2447,0,2,0,4,1,5,1,0,0,7,1,1,2,2,7,7,0,2,1,4,3,5,0
2448,0,2,0,4,1,5,1,0,0,7,1,1,2,2,6,7,0,2,1,4,2,4,0
2449,0,2,0,3,1,5,1,0,0,5,1,1,2,2,7,7,0,2,1,4,2,5,0
2450,0,2,0,3,1,5,1,0,0,7,1,1,2,2,6,7,0,2,1,4,3,5,0
2451,0,5,3,3,1,5,1,0,0,10,1,1,2,2,6,6,0,2,1,4,3,5,0
2452,0,5,0,3,0,5,1,1,0,4,1,3,2,0,7,7,0,2,1,0,3,0,1
2453,0,5,3,3,1,5,1,0,0,5,1,1,2,2,7,7,0,2,1,4,2,5,0
2454,0,5,0,2,1,5,1,0,0,7,1,1,2,2,7,6,0,2,1,4,2,5,0
2455,0,2,0,4,1,5,1,0,0,7,1,1,2,2,6,6,0,2,1,4,2,4,0
2456,0,5,3,2,1,5,1,0,0,5,1,1,2,2,3,7,0,2,1,4,3,5,0
2457,0,5,0,3,1,5,1,0,0,7,1,1,2,2,7,7,0,2,1,4,3,4,0
2458,0,5,0,4,1,5,1,0,0,7,1,1,2,2,3,3,0,2,1,4,2,5,0
2459,0,5,3,2,1,5,1,0,0,10,1,1,2,2,7,6,0,2,1,4,3,4,0
2460,0,5,0,4,1,5,1,0,0,10,1,1,2,2,7,6,0,2,1,4,2,4,0
2461,0,2,0,3,1,5,1,0,0,7,1,1,2,2,7,7,0,2,1,4,2,5,0
2462,0,5,3,3,1,5,1,0,0,5,1,1,2,2,3,7,0,2,1,4,2,5,0
2463,0,5,3,3,1,5,1,0,0,9,1,1,2,2,7,6,0,2,1,4,2,4,0
2464,0,2,0,4,1,5,1,0,0,9,1,1,2,2,6,7,0,2,1,4,3,5,0
2465,0,5,0,3,1,5,1,0,0,7,1,1,2,2,3,3,0,2,1,4,2,4,0
2466,0,2,0,4,1,5,1,0,0,7,1,1,2,2,3,6,0,2,1,4,3,4,0
2467,0,5,3,2,1,5,1,0,0,7,1,1,2,2,6,7,0,2,1,4,2,4,0
2468,0,5,0,4,1,5,1,0,0,9,1,1,2,2,6,6,0,2,1,4,2,5,0
2469,0,5,3,3,1,5,1,0,0,10,1,1,2,2,3,6,0,2,1,4,2,4,0
2470,0,2,0,3,1,5,1,0,0,7,1,1,2,2,7,3,0,2,1,4,2,4,0
2471,0,5,0,3,1,5,1,0,0,7,1,1,2,2,7,3,0,2,1,4,3,4,0
2472,0,5,0,4,1,5,1,0,0,10,1,1,2,2,3,3,0,2,1,4,2,4,0
2473,0,5,3,3,1,5,1,0,0,10,1,1,2,2,6,7,0,2,1,4,3,4,0
2474,0,5,3,3,1,5,1,0,0,7,1,1,2,2,7,6,0,2,1,4,3,5,0
2475,0,5,3,2,1,5,1,0,0,5,1,1,2,2,7,6,0,2,1,4,3,4,0
2476,0,5,3,4,1,5,1,0,0,10,1,1,2,2,6,3,0,2,1,4,2,4,0
2477,0,5,3,3,1,5,1,0,0,9,1,1,2,2,7,3,0,2,1,4,2,5,0
2478,1,2,3,4,1,6,1,0,1,4,0,3,2,2,7,7,0,2,1,4,2,3,5
2479,0,5,2,3,0,5,1,1,0,5,1,3,0,2,7,7,0,2,1,0,3,3,1
2480,0,5,0,3,1,5,1,0,0,9,1,1,2,2,3,6,0,2,1,4,2,4,0
2481,0,5,0,2,1,5,1,0,0,5,1,1,2,2,7,3,0,2,1,4,2,5,0
2482,1,5,2,5,0,1,1,1,1,9,0,1,2,2,7,7,0,2,1,4,3,3,0
2483,0,5,3,4,1,5,1,0,0,10,1,1,2,2,6,6,0,2,1,4,2,5,0
2484,0,5,0,2,1,5,1,0,0,7,1,1,2,2,7,3,0,2,1,4,2,4,0
2485,0,5,3,4,1,5,1,0,0,7,1,1,2,2,7,7,0,2,1,4,3,5,0
2486,0,5,3,2,1,5,1,0,0,9,1,1,2,2,6,3,0,2,1,4,2,4,0
2487,0,5,2,8,0,5,1,1,0,4,1,3,2,2,7,7,0,2,1,0,3,3,1
2488,0,2,0,3,1,5,1,0,0,7,1,1,2,2,3,6,0,2,1,4,3,4,0
2489,0,5,3,3,1,5,1,0,0,5,1,1,2,2,3,6,0,2,1,4,3,4,0
2490,0,5,3,3,1,5,1,0,0,5,1,1,2,2,6,6,0,2,1,4,3,4,0
2491,0,5,0,2,1,5,1,0,0,5,1,1,2,2,3,7,0,2,1,4,3,5,0
2492,0,5,3,3,1,5,1,0,0,5,1,1,2,2,6,7,0,2,1,4,2,4,0
2493,0,5,3,3,1,5,1,0,0,10,1,1,2,2,7,6,0,2,1,4,3,4,0
2494,0,5,0,2,1,5,1,0,0,7,1,1,2,2,3,6,0,2,1,4,2,5,0
2495,1,2,3,8,1,6,1,0,1,7,0,3,2,2,7,7,0,2,1,4,3,4,5
2496,0,2,0,4,1,5,1,0,0,9,1,1,2,2,7,7,0,2,1,4,3,5,0
2497,0,5,0,2,1,5,1,0,0,10,1,1,2,2,3,7,0,2,1,4,2,5,0
2498,0,5,0,2,1,5,1,0,0,5,1,1,2,2,6,6,0,2,1,4,3,4,0
2499,0,5,3,3,1,5,1,0,0,7,1,1,2,2,7,3,0,2,1,4,2,4,0
2500,0,2,2,8,0,5,1,1,0,3,1,3,0,0,7,7,0,2,1,0,2,3,1
2501,0,5,0,4,0,5,1,1,0,4,1,3,0,2,7,7,0,2,1,0,3,0,1
2502,0,5,0,4,1,5,1,0,0,10,1,1,2,2,6,6,0,2,1,4,2,4,0
2503,0,2,0,4,1,5,1,0,0,5,1,1,2,2,6,3,0,2,1,4,3,4,0
2504,0,5,3,2,1,5,1,0,0,7,1,1,2,2,7,3,0,2,1,4,3,5,0
2505,0,5,3,2,1,5,1,0,0,9,1,1,2,2,6,6,0,2,1,4,3,5,0
2506,0,5,3,2,1,5,1,0,0,7,1,1,2,2,6,7,0,2,1,4,3,5,0
2507,0,2,0,4,1,5,1,0,0,10,1,1,2,2,7,6,0,2,1,4,2,5,0
2508,0,5,0,3,1,5,1,0,0,10,1,1,2,2,7,7,0,2,1,4,2,4,0
2509,0,2,0,4,1,5,1,0,0,10,1,1,2,2,7,3,0,2,1,4,2,4,0
2510,0,2,0,2,1,5,1,0,0,5,1,1,2,2,7,6,0,2,1,4,3,5,0
2511,0,5,3,2,1,5,1,0,0,10,1,1,2,2,6,6,0,2,1,4,3,4,0
2512,1,5,2,8,0,1,1,1,1,7,0,1,2,2,7,7,0,2,1,4,3,3,0
2513,0,2,0,4,1,5,1,0,0,9,1,1,2,2,6,6,0,2,1,4,2,5,0
2514,0,2,0,3,1,5,1,0,0,7,1,1,2,2,6,6,0,2,1,4,3,5,0
2515,0,2,0,4,1,5,1,0,0,9,1,1,2,2,7,7,0,2,1,4,2,4,0
2516,0,5,3,4,1,5,1,0,0,7,1,1,2,2,6,3,0,2,1,4,2,4,0
2517,0,5,0,2,1,5,1,0,0,10,1,1,2,2,3,6,0,2,1,4,2,5,0
2518,0,2,2,8,0,5,1,1,0,5,1,3,0,2,7,7,0,2,1,0,3,3,1
2519,0,5,3,3,1,5,1,0,0,9,1,1,2,2,6,6,0,2,1,4,3,5,0
2520,0,5,0,2,1,5,1,0,0,7,1,1,2,2,6,6,0,2,1,4,2,4,0
2521,0,2,0,4,1,5,1,0,0,5,1,1,2,2,7,3,0,2,1,4,3,4,0
2522,0,2,0,4,1,5,1,0,0,7,1,1,2,2,7,3,0,2,1,4,2,4,0
2523,0,5,3,4,1,5,1,0,0,5,1,1,2,2,3,7,0,2,1,4,2,5,0
2524,0,5,3,3,1,5,1,0,0,5,1,1,2,2,7,6,0,2,1,4,3,5,0
2525,0,5,3,4,1,5,1,0,0,5,1,1,2,2,7,7,0,2,1,4,2,4,0
2526,0,5,0,3,1,5,1,0,0,9,1,1,2,2,6,7,0,2,1,4,3,5,0
2527,0,5,3,4,1,5,1,0,0,10,1,1,2,2,7,7,0,2,1,4,2,5,0
2528,0,5,3,4,1,5,1,0,0,7,1,1,2,2,7,6,0,2,1,4,2,4,0
2529,0,2,0,4,1,5,1,0,0,7,1,1,2,2,6,7,0,2,1,4,3,5,0
2530,0,5,3,3,1,5,1,0,0,5,1,1,2,2,7,6,0,2,1,4,3,4,0
2531,0,5,3,2,1,5,1,0,0,10,1,1,2,2,6,6,0,2,1,4,2,5,0
2532,0,5,3,4,1,5,1,0,0,5,1,1,2,2,6,6,0,2,1,4,2,5,0
2533,1,5,0,3,0,2,1,0,0,2,0,1,1,1,4,0,0,2,1,2,1,5,4
2534,0,2,0,3,1,5,1,0,0,9,1,1,2,2,6,6,0,2,1,4,2,4,0
2535,0,5,3,2,1,5,1,0,0,9,1,1,2,2,3,3,0,2,1,4,2,4,0
2536,1,5,0,3,0,2,1,0,0,3,0,1,1,1,6,0,0,2,1,2,1,4,0
2537,0,5,3,2,1,5,1,0,0,5,1,1,2,2,7,7,0,2,1,4,2,4,0
2538,0,5,0,2,1,5,1,0,0,5,1,1,2,2,7,3,0,2,1,4,2,4,0
2539,1,5,0,3,0,2,1,0,0,3,0,1,1,1,0,4,0,2,1,2,1,5,0
2540,1,5,0,5,0,1,1,1,1,5,0,1,2,2,7,7,0,2,1,4,3,3,0
2541,0,5,0,3,1,5,1,0,0,9,1,1,2,2,7,7,0,2,1,4,2,4,0
2542,0,2,0,3,1,5,1,0,0,7,1,1,2,2,6,3,0,2,1,4,3,5,0
2543,0,5,0,3,1,5,1,0,0,9,1,1,2,2,7,6,0,2,1,4,3,4,0
2544,0,5,3,3,1,5,1,0,0,10,1,1,2,2,7,6,0,2,1,4,2,5,0
2545,0,5,3,3,1,5,1,0,0,5,1,1,2,2,7,3,0,2,1,4,3,4,0
2546,0,2,0,3,1,5,1,0,0,5,1,1,2,2,3,3,0,2,1,4,3,5,0
2547,0,5,0,3,1,5,1,0,0,10,1,1,2,2,7,6,0,2,1,4,3,5,0
2548,0,5,0,2,1,5,1,0,0,7,1,1,2,2,3,6,0,2,1,4,2,4,0
2549,0,5,0,4,1,5,1,0,0,10,1,1,2,2,7,7,0,2,1,4,2,5,0
2550,0,5,3,4,1,5,1,0,0,9,1,1,2,2,6,3,0,2,1,4,2,4,0
2551,0,2,0,4,1,5,1,0,0,7,1,1,2,2,7,3,0,2,1,4,2,5,0
2552,0,2,0,4,1,5,1,0,0,9,1,1,2,2,6,7,0,2,1,4,3,4,0
2553,0,2,0,3,1,5,1,0,0,5,1,1,2,2,6,3,0,2,1,4,2,5,0
2554,0,5,0,3,1,5,1,0,0,7,1,1,2,2,7,3,0,2,1,4,2,5,0
2555,0,5,3,4,1,5,1,0,0,9,1,1,2,2,6,6,0,2,1,4,3,4,0
2556,0,5,3,2,1,5,1,0,0,10,1,1,2,2,6,3,0,2,1,4,3,4,0
2557,0,2,0,4,1,5,1,0,0,9,1,1,2,2,6,3,0,2,1,4,3,4,0
2558,0,5,3,3,1,5,1,0,0,5,1,1,2,2,6,7,0,2,1,4,3,4,0
2559,0,5,3,4,1,5,1,0,0,9,1,1,2,2,6,3,0,2,1,4,2,5,0
2560,1,5,0,8,0,1,1,0,1,2,0,1,2,2,7,7,0,2,1,4,2,4,0
2561,0,2,0,4,1,5,1,0,0,9,1,1,2,2,7,6,0,2,1,4,2,5,0
2562,0,5,3,2,1,5,1,0,0,10,1,1,2,2,6,7,0,2,1,4,3,4,0
2563,0,5,3,4,1,5,1,0,0,5,1,1,2,2,3,3,0,2,1,4,3,5,0
2564,0,2,0,3,1,5,1,0,0,5,1,1,2,2,6,6,0,2,1,4,2,4,0
2565,0,5,0,2,1,5,1,0,0,10,1,1,2,2,7,6,0,2,1,4,2,5,0
2566,1,5,0,3,0,2,1,0,0,7,0,1,1,1,0,6,0,2,1,2,1,5,0
2567,0,5,3,2,1,5,1,0,0,5,1,1,2,2,7,6,0,2,1,4,2,5,0
2568,0,2,0,3,1,5,1,0,0,7,1,1,2,2,3,3,0,2,1,4,3,4,0
2569,0,2,3,2,1,5,1,0,0,10,1,1,2,2,7,7,0,2,1,4,2,4,0
2570,0,5,0,2,1,5,1,0,0,7,1,1,2,2,6,6,0,2,1,4,3,4,0
2571,1,5,0,3,0,2,1,0,0,7,0,1,1,1,0,6,0,2,1,2,1,4,1
2572,0,5,3,4,1,5,1,0,0,10,1,1,2,2,7,3,0,2,1,4,3,5,0
2573,0,5,3,4,1,5,1,0,0,7,1,1,2,2,3,6,0,2,1,4,2,4,0
2574,0,5,3,4,1,5,1,0,0,7,1,1,2,2,3,7,0,2,1,4,2,4,0
2575,0,5,3,4,1,5,1,0,0,5,1,1,2,2,7,7,0,2,1,4,2,5,0
2576,0,5,3,3,1,5,1,0,0,9,1,1,2,2,7,3,0,2,1,4,3,5,0
2577,0,5,3,4,1,5,1,0,0,5,1,1,2,2,7,3,0,2,1,4,2,5,0
2578,0,5,0,3,1,5,1,0,0,7,1,1,2,2,3,3,0,2,1,4,2,5,0
2579,0,5,3,2,1,5,1,0,0,5,1,1,2,2,6,6,0,2,1,4,2,5,0
2580,0,5,3,2,1,5,1,0,0,5,1,1,2,2,6,7,0,2,1,4,2,4,0
2581,0,5,3,3,1,5,1,0,0,7,1,1,2,2,6,3,0,2,1,4,3,4,0
2582,0,2,0,2,1,5,1,0,0,5,1,1,2,2,7,3,0,2,1,4,3,4,0
2583,0,2,0,4,1,5,1,0,0,5,1,1,2,2,6,6,0,2,1,4,2,4,0
2584,0,2,0,4,1,5,1,0,0,10,1,1,2,2,7,3,0,2,1,4,3,4,0
2585,0,5,3,3,1,5,1,0,0,7,1,1,2,2,6,6,0,2,1,4,3,4,0
2586,0,5,3,3,1,5,1,0,0,10,1,1,2,2,6,3,0,2,1,4,3,5,0
2587,0,5,0,2,1,5,1,0,0,9,1,1,2,2,6,3,0,2,1,4,2,4,0
2588,0,2,0,4,1,5,1,0,0,10,1,1,2,2,3,3,0,2,1,4,3,4,0
2589,0,2,0,4,1,5,1,0,0,7,1,1,2,2,6,3,0,2,1,4,3,4,0
2590,0,5,3,2,1,5,1,0,0,7,1,1,2,2,3,6,0,2,1,4,2,5,0
2591,0,5,3,4,1,5,1,0,0,5,1,1,2,2,6,7,0,2,1,4,3,4,0
2592,0,2,0,4,1,5,1,0,0,7,1,1,2,2,7,7,0,2,1,4,2,5,0
2593,0,2,0,4,1,5,1,0,0,10,1,1,2,2,6,6,0,2,1,4,3,4,0
2594,1,5,0,3,0,2,1,0,0,2,0,1,1,1,0,4,0,2,1,2,1,4,4
2595,0,5,0,3,1,5,1,0,0,5,1,1,2,2,7,7,0,2,1,4,2,5,0
2596,0,5,3,4,1,5,1,0,0,10,1,1,2,2,3,3,0,2,1,4,3,5,0
2597,0,5,0,3,1,5,1,0,0,5,1,1,2,2,7,3,0,2,1,4,3,5,0
2598,0,5,0,3,1,5,1,0,0,5,1,1,2,2,6,6,0,2,1,4,3,5,0
2599,0,5,3,3,1,5,1,0,0,10,1,1,2,2,3,7,0,2,1,4,2,4,0
2600,0,2,0,4,1,5,1,0,0,9,1,1,2,2,7,7,0,2,1,4,2,5,0
2601,0,2,0,3,1,5,1,0,0,5,1,1,2,2,3,3,0,2,1,4,2,5,0
2602,0,5,3,4,1,5,1,0,0,5,1,1,2,2,6,3,0,2,1,4,2,4,0
2603,0,5,0,2,1,5,1,0,0,10,1,1,2,2,6,7,0,2,1,4,2,5,0
2604,0,2,0,4,1,5,1,0,0,5,1,1,2,2,3,7,0,2,1,4,3,4,0
2605,1,5,0,3,0,2,1,0,0,2,0,1,1,1,6,4,0,2,1,2,1,4,4
2606,0,5,0,2,1,5,1,0,0,7,1,1,2,2,6,7,0,2,1,4,3,4,0
2607,0,2,0,4,1,5,1,0,0,5,1,1,2,2,3,3,0,2,1,4,3,4,0
2608,0,5,0,2,1,5,1,0,0,5,1,1,2,2,7,6,0,2,1,4,2,5,0
2609,0,5,0,2,1,5,1,0,0,5,1,1,2,2,7,3,0,2,1,4,3,4,0
2610,0,5,3,2,1,5,1,0,0,7,1,1,2,2,6,6,0,2,1,4,2,5,0
2611,0,2,3,3,1,5,1,0,0,10,1,1,2,2,6,7,0,2,1,4,3,4,0
2612,0,2,0,4,1,5,1,0,0,9,1,1,2,2,7,3,0,2,1,4,3,5,0
2613,0,5,0,3,1,5,1,0,0,5,1,1,2,2,3,3,0,2,1,4,3,5,0
2614,0,2,0,3,1,5,1,0,0,7,1,1,2,2,6,3,0,2,1,4,2,4,0
2615,0,5,3,4,1,5,1,0,0,10,1,1,2,2,7,6,0,2,1,4,2,5,0
2616,0,5,3,3,1,5,1,0,0,7,1,1,2,2,7,7,0,2,1,4,3,5,0
2617,0,5,3,3,1,5,1,0,0,9,1,1,2,2,3,7,0,2,1,4,3,5,0
2618,0,5,0,4,1,5,1,0,0,10,1,1,2,2,7,7,0,2,1,4,3,5,0
2619,0,5,3,2,1,5,1,0,0,7,1,1,2,2,3,3,0,2,1,4,2,5,0
2620,0,2,0,4,1,5,1,0,0,9,1,1,2,2,3,3,0,2,1,4,3,4,0
2621,0,5,3,2,1,5,1,0,0,5,1,1,2,2,6,6,0,2,1,4,3,4,0
2622,0,5,0,4,1,5,1,0,0,5,1,1,2,2,7,3,0,2,1,4,3,5,0
2623,0,2,0,4,1,5,1,0,0,9,1,1,2,2,6,3,0,2,1,4,2,5,0
2624,0,5,3,2,1,5,1,0,0,7,1,1,2,2,3,3,0,2,1,4,3,4,0
2625,0,5,0,3,1,5,1,0,0,10,1,1,2,2,7,3,0,2,1,4,3,4,0
2626,0,5,3,4,1,5,1,0,0,7,1,1,2,2,7,7,0,2,1,4,3,4,0
2627,1,5,0,3,0,1,1,0,1,2,0,1,2,2,7,7,0,2,1,4,3,4,0
2628,0,2,0,3,1,5,1,0,0,5,1,1,2,2,6,6,0,2,1,4,3,4,0
2629,0,5,0,4,1,5,1,0,0,10,1,1,2,2,3,3,0,2,1,4,3,5,0
2630,0,2,2,4,0,5,1,1,0,7,1,3,2,0,7,7,0,2,1,0,2,0,1
2631,0,2,0,4,1,5,1,0,0,10,1,1,2,2,3,7,0,2,1,4,3,4,0
2632,0,5,3,3,1,5,1,0,0,5,1,1,2,2,6,7,0,2,1,4,3,5,0
2633,0,2,3,3,1,5,1,0,0,10,1,1,2,2,3,3,0,2,1,4,3,4,0
2634,0,5,3,3,1,5,1,0,0,10,1,1,2,2,7,7,0,2,1,4,3,4,0
2635,0,2,3,2,1,5,1,0,0,7,1,1,2,2,6,3,0,2,1,4,3,4,0
2636,0,5,3,3,1,5,1,0,0,5,1,1,2,2,6,3,0,2,1,4,3,5,0
2637,0,5,0,3,1,5,1,0,0,5,1,1,2,2,6,3,0,2,1,4,3,4,0
2638,0,2,0,3,1,5,1,0,0,5,1,1,2,2,6,3,0,2,1,4,3,4,0
2639,0,5,3,4,1,5,1,0,0,7,1,1,2,2,3,3,0,2,1,4,2,4,0
2640,0,2,0,4,1,5,1,0,0,9,1,1,2,2,3,3,0,2,1,4,2,5,0
2641,0,5,3,2,1,5,1,0,0,7,1,1,2,2,6,7,0,2,1,4,3,4,0
2642,0,5,3,2,1,5,1,0,0,10,1,1,2,2,7,7,0,2,1,4,2,4,0
2643,0,2,3,4,1,5,1,0,0,9,1,1,2,2,3,3,0,2,1,4,2,4,0
2644,0,5,3,4,1,5,1,0,0,10,1,1,2,2,6,6,0,2,1,4,3,5,0
2645,0,5,0,3,1,5,1,0,0,9,1,1,2,2,3,7,0,2,1,4,3,5,0
2646,0,2,0,3,1,5,1,0,0,7,1,1,2,2,3,6,0,2,1,4,2,5,0
2647,0,2,0,8,0,5,1,1,0,3,1,3,2,0,7,7,0,2,1,0,2,3,1
2648,0,5,3,4,1,5,1,0,0,7,1,1,2,2,7,3,0,2,1,4,3,4,0
2649,0,5,0,3,1,5,1,0,0,9,1,1,2,2,3,3,0,2,1,4,2,5,0
2650,0,2,3,2,1,5,1,0,0,5,1,1,2,2,6,3,0,2,1,4,3,5,0
2651,0,5,0,2,1,5,1,0,0,10,1,1,2,2,3,3,0,2,1,4,2,4,0
2652,0,5,3,4,1,5,1,0,0,9,1,1,2,2,3,3,0,2,1,4,3,5,0
2653,0,2,3,4,1,5,1,0,0,10,1,1,2,2,6,7,0,2,1,4,2,5,0
2654,0,5,3,3,1,5,1,0,0,7,1,1,2,2,6,3,0,2,1,4,2,4,0
2655,0,2,0,4,1,5,1,0,0,10,1,1,2,2,7,7,0,2,1,4,2,4,0
2656,0,5,3,2,1,5,1,0,0,9,1,1,2,2,7,7,0,2,1,4,2,5,0
2657,0,5,3,2,1,5,1,0,0,7,1,1,2,2,3,3,0,2,1,4,2,4,0
2658,0,5,3,2,1,5,1,0,0,10,1,1,2,2,6,7,0,2,1,4,2,4,0
2659,0,5,0,2,1,5,1,0,0,10,1,1,2,2,6,7,0,2,1,4,3,5,0
2660,0,5,0,2,1,5,1,0,0,7,1,1,2,2,3,7,0,2,1,4,3,4,0
2661,0,5,0,2,1,5,1,0,0,7,1,1,2,2,3,3,0,2,1,4,3,4,0
2662,0,2,0,4,1,5,1,0,0,7,1,1,2,2,3,6,0,2,1,4,3,5,0
2663,0,5,0,3,1,5,1,0,0,5,1,1,2,2,3,6,0,2,1,4,2,4,0
2664,0,5,0,3,1,5,1,0,0,7,1,1,2,2,6,7,0,2,1,4,2,4,0
2665,0,5,3,3,1,5,1,0,0,9,1,1,2,2,6,3,0,2,1,4,2,5,0
2666,0,5,3,4,1,5,1,0,0,5,1,1,2,2,7,3,0,2,1,4,3,4,0
2667,0,5,0,2,1,5,1,0,0,5,1,1,2,2,3,3,0,2,1,4,2,5,0
2668,0,5,0,2,1,5,1,0,0,10,1,1,2,2,3,3,0,2,1,4,3,5,0
2669,0,5,0,3,1,5,1,0,0,9,1,1,2,2,3,6,0,2,1,4,3,5,0
2670,0,5,0,2,1,5,1,0,0,10,1,1,2,2,6,6,0,2,1,4,3,4,0
2671,0,2,0,4,1,5,1,0,0,5,1,1,2,2,6,7,0,2,1,4,3,5,0
2672,0,5,0,2,1,5,1,0,0,7,1,1,2,2,6,3,0,2,1,4,3,4,0
2673,0,2,0,4,1,5,1,0,0,10,1,1,2,2,7,6,0,2,1,4,3,5,0
2674,0,2,0,4,1,5,1,0,0,10,1,1,2,2,3,3,0,2,1,4,2,4,0
2675,0,2,0,4,1,5,1,0,0,9,1,1,2,2,6,6,0,2,1,4,2,4,0
2676,0,5,0,3,1,5,1,0,0,5,1,1,2,2,7,6,0,2,1,4,2,4,0
2677,0,5,0,2,1,5,1,0,0,9,1,1,2,2,6,6,0,2,1,4,3,4,0
2678,0,5,3,2,1,5,1,0,0,9,1,1,2,2,6,7,0,2,1,4,3,5,0
2679,0,2,0,3,1,5,1,0,0,5,1,1,2,2,6,6,0,2,1,4,2,5,0
2680,0,2,0,4,1,5,1,0,0,7,1,1,2,2,6,6,0,2,1,4,3,4,0
2681,0,5,3,4,1,5,1,0,0,5,1,1,2,2,3,6,0,2,1,4,3,5,0
2682,0,2,0,4,1,5,1,0,0,9,1,1,2,2,6,3,0,2,1,4,2,4,0
2683,1,5,0,5,0,1,1,0,1,7,0,1,2,2,7,7,0,2,1,4,3,4,0
2684,0,5,0,2,1,5,1,0,0,7,1,1,2,2,7,7,0,2,1,4,2,5,0
2685,0,5,0,4,1,5,1,0,0,10,1,1,2,2,7,7,0,2,1,4,3,4,0
2686,0,5,3,2,1,5,1,0,0,10,1,1,2,2,3,6,0,2,1,4,3,5,0
2687,0,2,0,4,1,5,1,0,0,5,1,1,2,2,3,6,0,2,1,4,3,4,0
2688,0,2,0,4,1,5,1,0,0,10,1,1,2,2,3,3,0,2,1,4,2,5,0
2689,0,5,3,3,1,5,1,0,0,10,1,1,2,2,6,7,0,2,1,4,2,4,0
2690,0,2,2,4,0,5,1,1,0,5,1,3,2,2,7,7,0,2,1,0,3,0,1
2691,0,5,3,3,1,5,1,0,0,10,1,1,2,2,6,3,0,2,1,4,2,5,0
2692,0,5,3,4,1,5,1,0,0,10,1,1,2,2,7,6,0,2,1,4,3,4,0
2693,0,5,3,4,1,5,1,0,0,7,1,1,2,2,6,7,0,2,1,4,2,4,0
2694,0,2,0,3,1,5,1,0,0,7,1,1,2,2,7,3,0,2,1,4,3,4,0
2695,0,5,0,2,1,5,1,0,0,5,1,1,2,2,3,3,0,2,1,4,3,5,0
2696,0,2,0,4,1,5,1,0,0,7,1,1,2,2,3,6,0,2,1,4,2,5,0
2697,1,5,0,3,0,2,1,0,0,3,0,1,1,1,0,6,0,2,1,2,1,5,1
2698,0,5,3,2,1,5,1,0,0,10,1,1,2,2,7,7,0,2,1,4,3,4,0
2699,0,5,0,3,1,5,1,0,0,9,1,1,2,2,6,3,0,2,1,4,2,4,0
2700,0,5,0,2,1,5,1,0,0,5,1,1,2,2,6,7,0,2,1,4,3,4,0
2701,0,5,0,2,1,5,1,0,0,5,1,1,2,2,6,3,0,2,1,4,2,5,0
2702,0,5,3,2,1,5,1,0,0,5,1,1,2,2,3,7,0,2,1,4,2,4,0
2703,0,2,0,4,1,5,1,0,0,10,1,1,2,2,7,3,0,2,1,4,3,5,0
2704,0,2,0,4,1,5,1,0,0,9,1,1,2,2,3,6,0,2,1,4,2,4,0
2705,0,5,3,4,1,5,1,0,0,10,1,1,2,2,7,3,0,2,1,4,2,4,0
2706,0,5,0,2,1,5,1,0,0,9,1,1,2,2,3,7,0,2,1,4,3,5,0
2707,0,5,3,2,1,5,1,0,0,10,1,1,2,2,6,3,0,2,1,4,2,4,0
2708,0,5,3,4,1,5,1,0,0,5,1,1,2,2,6,3,0,2,1,4,2,5,0
2709,0,5,3,3,1,5,1,0,0,9,1,1,2,2,7,7,0,2,1,4,2,4,0
2710,0,5,3,4,1,5,1,0,0,9,1,1,2,2,3,7,0,2,1,4,2,4,0
2711,0,5,3,2,1,5,1,0,0,7,1,1,2,2,7,6,0,2,1,4,3,5,0
2712,0,5,0,2,1,5,1,0,0,9,1,1,2,2,3,6,0,2,1,4,3,5,0
2713,0,5,0,2,1,5,1,0,0,9,1,1,2,2,7,6,0,2,1,4,2,5,0
2714,0,5,3,2,1,5,1,0,0,7,1,1,2,2,7,3,0,2,1,4,3,4,0
2715,0,5,3,4,1,5,1,0,0,7,1,1,2,2,3,7,0,2,1,4,2,5,0
2716,0,5,0,2,1,5,1,0,0,7,1,1,2,2,6,6,0,2,1,4,3,5,0
2717,0,2,0,2,1,5,1,0,0,10,1,1,2,2,3,6,0,2,1,4,3,4,0
2718,0,2,0,4,1,5,1,0,0,10,1,1,2,2,6,7,0,2,1,4,2,5,0
2719,0,5,3,2,1,5,1,0,0,9,1,1,2,2,7,7,0,2,1,4,2,4,0
2720,0,5,0,4,1,5,1,0,0,9,1,1,2,2,3,7,0,2,1,4,3,4,0
2721,0,5,3,2,1,5,1,0,0,5,1,1,2,2,3,6,0,2,1,4,3,5,0
2722,0,2,0,3,1,5,1,0,0,7,1,1,2,2,3,6,0,2,1,4,3,5,0
2723,0,5,3,4,1,5,1,0,0,7,1,1,2,2,3,7,0,2,1,4,3,4,0
2724,0,2,3,2,1,5,1,0,0,5,1,1,2,2,6,6,0,2,1,4,2,4,0
2725,0,5,3,4,1,5,1,0,0,9,1,1,2,2,3,6,0,2,1,4,2,5,0
2726,0,5,3,2,1,5,1,0,0,7,1,1,2,2,6,3,0,2,1,4,3,5,0
2727,0,5,3,3,1,5,1,0,0,9,1,1,2,2,6,3,0,2,1,4,3,5,0
2728,0,2,3,3,1,5,1,0,0,7,1,1,2,2,7,6,0,2,1,4,2,4,0
2729,0,5,3,4,1,5,1,0,0,9,1,1,2,2,7,7,0,2,1,4,3,5,0
2730,0,5,2,3,0,5,1,1,0,3,1,3,0,2,7,7,0,2,1,0,2,3,1
2731,0,2,0,4,1,5,1,0,0,5,1,1,2,2,7,3,0,2,1,4,3,5,0
2732,0,5,3,3,1,5,1,0,0,10,1,1,2,2,3,6,0,2,1,4,3,5,0
2733,0,5,3,3,1,5,1,0,0,5,1,1,2,2,7,6,0,2,1,4,2,5,0
2734,0,5,0,4,1,5,1,0,0,9,1,1,2,2,3,7,0,2,1,4,2,5,0
2735,0,5,0,2,1,5,1,0,0,9,1,1,2,2,3,3,0,2,1,4,3,4,0
2736,0,5,3,2,1,5,1,0,0,5,1,1,2,2,3,3,0,2,1,4,2,5,0
2737,0,5,3,4,1,5,1,0,0,10,1,1,2,2,7,3,0,2,1,4,2,5,0
2738,0,5,0,2,1,5,1,0,0,10,1,1,2,2,6,3,0,2,1,4,2,5,0
2739,0,5,3,2,1,5,1,0,0,9,1,1,2,2,6,7,0,2,1,4,2,5,0
2740,0,5,3,4,1,5,1,0,0,9,1,1,2,2,3,7,0,2,1,4,3,5,0
2741,0,2,0,3,1,5,1,0,0,7,1,1,2,2,7,7,0,2,1,4,3,5,0
2742,0,5,0,2,1,5,1,0,0,9,1,1,2,2,7,7,0,2,1,4,2,5,0
2743,0,2,3,4,1,5,1,0,0,7,1,1,2,2,6,3,0,2,1,4,2,4,0
2744,0,5,3,4,1,5,1,0,0,10,1,1,2,2,6,3,0,2,1,4,3,4,0
2745,0,5,0,2,1,5,1,0,0,10,1,1,2,2,3,7,0,2,1,4,3,5,0
2746,0,5,0,3,1,5,1,0,0,5,1,1,2,2,6,3,0,2,1,4,2,4,0
2747,0,5,3,4,1,5,1,0,0,9,1,1,2,2,7,7,0,2,1,4,2,5,0
2748,0,5,3,3,1,5,1,0,0,5,1,1,2,2,7,3,0,2,1,4,3,5,0
2749,1,5,0,3,0,1,1,0,1,7,0,1,2,2,7,7,0,2,1,4,2,4,0
2750,0,5,3,4,1,5,1,0,0,5,1,1,2,2,6,7,0,2,1,4,3,5,0
2751,0,5,0,3,1,5,1,0,0,7,1,1,2,2,6,6,0,2,1,4,3,5,0
2752,0,5,3,4,1,5,1,0,0,5,1,1,2,2,3,6,0,2,1,4,2,5,0
2753,0,5,3,3,1,5,1,0,0,10,1,1,2,2,3,3,0,2,1,4,2,4,0
2754,0,5,3,4,1,5,1,0,0,10,1,1,2,2,3,6,0,2,1,4,3,4,0
2755,0,2,0,4,1,5,1,0,0,7,1,1,2,2,7,3,0,2,1,4,3,4,0
2756,0,2,0,4,1,5,1,0,0,10,1,1,2,2,6,6,0,2,1,4,2,5,0
2757,0,5,3,4,1,5,1,0,0,5,1,1,2,2,7,6,0,2,1,4,3,4,0
2758,0,2,0,4,1,5,1,0,0,7,1,1,2,2,6,7,0,2,1,4,2,5,0
2759,0,2,0,4,1,5,1,0,0,10,1,1,2,2,7,7,0,2,1,4,3,5,0
2760,0,2,3,3,1,5,1,0,0,9,1,1,2,2,7,7,0,2,1,4,2,5,0
2761,0,5,0,3,1,5,1,0,0,9,1,1,2,2,6,7,0,2,1,4,2,5,0
2762,0,5,3,3,1,5,1,0,0,10,1,1,2,2,7,3,0,2,1,4,2,5,0
2763,0,5,3,3,1,5,1,0,0,9,1,1,2,2,7,3,0,2,1,4,3,4,0
2764,0,2,0,4,1,5,1,0,0,9,1,1,2,2,3,6,0,2,1,4,3,4,0
2765,0,5,0,3,1,5,1,0,0,5,1,1,2,2,7,6,0,2,1,4,3,4,0
2766,1,5,0,3,0,2,1,0,0,2,0,1,1,1,0,6,0,2,1,2,1,4,0
2767,0,2,0,4,1,5,1,0,0,10,1,1,2,2,6,7,0,2,1,4,3,4,0
2768,0,5,3,3,1,5,1,0,0,10,1,1,2,2,3,3,0,2,1,4,2,5,0
2769,0,5,0,3,1,5,1,0,0,9,1,1,2,2,7,3,0,2,1,4,3,5,0
2770,1,5,0,3,0,2,1,0,0,2,0,1,1,1,0,6,0,2,1,2,1,5,0
2771,0,2,0,4,1,5,1,0,0,9,1,1,2,2,7,7,0,2,1,4,3,4,0
2772,0,5,3,2,1,5,1,0,0,5,1,1,2,2,3,6,0,2,1,4,3,4,0
2773,0,5,3,4,1,5,1,0,0,9,1,1,2,2,3,3,0,2,1,4,2,4,0
2774,0,5,0,2,1,5,1,0,0,7,1,1,2,2,6,3,0,2,1,4,2,4,0
2775,0,5,0,2,1,5,1,0,0,7,1,1,2,2,3,6,0,2,1,4,3,5,0
2776,0,5,3,4,1,5,1,0,0,7,1,1,2,2,7,6,0,2,1,4,3,4,0
2777,0,2,0,4,1,5,1,0,0,5,1,1,2,2,7,6,0,2,1,4,2,4,0
2778,0,5,0,2,1,5,1,0,0,5,1,1,2,2,3,6,0,2,1,4,3,4,0
2779,0,5,0,3,1,5,1,0,0,10,1,1,2,2,7,6,0,2,1,4,2,4,0
2780,0,2,0,4,1,5,1,0,0,9,1,1,2,2,3,6,0,2,1,4,2,5,0
2781,0,5,3,2,1,5,1,0,0,7,1,1,2,2,3,6,0,2,1,4,3,4,0
2782,0,5,0,3,1,5,1,0,0,9,1,1,2,2,3,7,0,2,1,4,2,5,0
2783,0,2,0,3,1,5,1,0,0,7,1,1,2,2,6,7,0,2,1,4,2,5,0
2784,0,2,0,3,1,5,1,0,0,7,1,1,2,2,3,3,0,2,1,4,2,4,0
2785,0,2,0,4,1,5,1,0,0,5,1,1,2,2,3,7,0,2,1,4,2,5,0
2786,0,5,0,4,1,5,1,0,0,10,1,1,2,2,6,7,0,2,1,4,3,5,0
2787,0,5,3,2,1,5,1,0,0,10,1,1,2,2,3,3,0,2,1,4,3,5,0
2788,0,2,2,3,0,5,1,1,0,7,1,3,0,0,7,7,0,2,1,0,2,3,1
2789,0,5,3,2,1,5,1,0,0,7,1,1,2,2,3,7,0,2,1,4,2,5,0
2790,0,2,0,3,1,5,1,0,0,7,1,1,2,2,3,7,0,2,1,4,3,5,0
2791,0,5,3,2,1,5,1,0,0,10,1,1,2,2,3,6,0,2,1,4,2,5,0
2792,0,5,0,3,1,5,1,0,0,9,1,1,2,2,7,7,0,2,1,4,3,4,0
2793,0,2,0,4,1,5,1,0,0,10,1,1,2,2,7,3,0,2,1,4,2,5,0
2794,0,5,0,2,1,5,1,0,0,10,1,1,2,2,6,3,0,2,1,4,3,4,0
2795,0,5,0,2,1,5,1,0,0,5,1,1,2,2,3,7,0,2,1,4,3,4,0
2796,0,5,0,3,1,5,1,0,0,10,1,1,2,2,7,3,0,2,1,4,2,4,0
2797,1,5,0,8,0,1,1,1,1,2,0,1,2,2,7,7,0,2,1,4,3,3,0
2798,0,5,3,2,1,5,1,0,0,7,1,1,2,2,6,6,0,2,1,4,3,5,0
2799,0,5,0,2,1,5,1,0,0,5,1,1,2,2,7,6,0,2,1,4,2,4,0
2800,0,5,3,4,1,5,1,0,0,10,1,1,2,2,6,7,0,2,1,4,3,5,0
2801,0,2,0,8,0,5,1,1,0,3,1,3,2,2,7,7,0,2,1,0,3,3,1
2802,0,5,0,3,1,5,1,0,0,5,1,1,2,2,3,7,0,2,1,4,3,5,0
2803,0,2,0,3,1,5,1,0,0,5,1,1,2,2,7,6,0,2,1,4,3,4,0
2804,0,5,0,3,1,5,1,0,0,10,1,1,2,2,6,3,0,2,1,4,3,5,0
2805,0,2,3,2,1,5,1,0,0,10,1,1,2,2,7,6,0,2,1,4,2,5,0
2806,0,5,0,2,1,5,1,0,0,5,1,1,2,2,6,6,0,2,1,4,2,5,0
2807,0,5,3,4,1,5,1,0,0,5,1,1,2,2,3,3,0,2,1,4,2,4,0
2808,0,5,3,2,1,5,1,0,0,5,1,1,2,2,3,3,0,2,1,4,3,4,0
2809,0,5,0,2,1,5,1,0,0,5,1,1,2,2,7,7,0,2,1,4,3,4,0
2810,0,2,3,2,1,5,1,0,0,5,1,1,2,2,7,7,0,2,1,4,2,4,0
2811,0,2,0,4,1,5,1,0,0,10,1,1,2,2,6,3,0,2,1,4,3,4,0
2812,0,5,3,3,1,5,1,0,0,7,1,1,2,2,7,7,0,2,1,4,3,4,0
2813,0,5,3,3,1,5,1,0,0,7,1,1,2,2,3,7,0,2,1,4,3,5,0
2814,0,5,0,3,1,5,1,0,0,5,1,1,2,2,3,6,0,2,1,4,3,4,0
2815,0,5,0,2,1,5,1,0,0,10,1,1,2,2,3,6,0,2,1,4,3,4,0
2816,0,5,0,4,1,5,1,0,0,10,1,1,2,2,3,7,0,2,1,4,2,5,0
2817,0,2,0,4,0,5,1,1,0,5,1,3,0,0,7,7,0,2,1,0,2,3,1
2818,0,5,0,2,1,5,1,0,0,10,1,1,2,2,7,3,0,2,1,4,3,5,0
2819,0,5,3,3,1,5,1,0,0,5,1,1,2,2,3,3,0,2,1,4,3,5,0
2820,0,5,3,4,1,5,1,0,0,9,1,1,2,2,6,6,0,2,1,4,2,4,0
2821,0,5,0,3,1,5,1,0,0,7,1,1,2,2,3,6,0,2,1,4,3,5,0
2822,0,5,3,2,1,5,1,0,0,5,1,1,2,2,6,3,0,2,1,4,3,5,0
2823,0,2,0,4,1,5,1,0,0,9,1,1,2,2,6,7,0,2,1,4,2,4,0
2824,0,5,3,3,1,5,1,0,0,9,1,1,2,2,7,7,0,2,1,4,2,5,0
2825,0,2,0,3,1,5,1,0,0,7,1,1,2,2,6,3,0,2,1,4,3,4,0
2826,0,5,0,2,1,5,1,0,0,9,1,1,2,2,6,6,0,2,1,4,2,4,0
2827,0,2,0,4,1,5,1,0,0,5,1,1,2,2,7,3,0,2,1,4,2,4,0
2828,0,5,3,3,1,5,1,0,0,7,1,1,2,2,3,6,0,2,1,4,3,5,0
2829,0,5,3,4,1,5,1,0,0,7,1,1,2,2,7,6,0,2,1,4,3,5,0
2830,0,5,3,2,1,5,1,0,0,10,1,1,2,2,7,6,0,2,1,4,2,4,0
2831,0,5,0,2,1,5,1,0,0,9,1,1,2,2,6,6,0,2,1,4,2,5,0
2832,0,5,0,4,1,5,1,0,0,9,1,1,2,2,7,7,0,2,1,4,3,4,0
2833,0,2,0,4,1,5,1,0,0,5,1,1,2,2,6,6,0,2,1,4,2,5,0
2834,0,5,3,3,1,5,1,0,0,5,1,1,2,2,7,7,0,2,1,4,2,4,0
2835,0,5,0,2,1,5,1,0,0,10,1,1,2,2,6,6,0,2,1,4,3,5,0
2836,0,2,0,4,1,5,1,0,0,10,1,1,2,2,7,6,0,2,1,4,3,4,0
2837,0,2,0,4,1,5,1,0,0,5,1,1,2,2,6,6,0,2,1,4,3,5,0
2838,0,5,3,2,1,5,1,0,0,9,1,1,2,2,3,6,0,2,1,4,2,5,0
2839,0,5,0,3,1,5,1,0,0,9,1,1,2,2,6,3,0,2,1,4,2,5,0
2840,0,5,0,3,1,5,1,0,0,9,1,1,2,2,3,3,0,2,1,4,2,4,0
2841,1,5,0,5,0,1,1,1,1,9,0,1,2,2,7,7,0,2,1,4,2,4,0
2842,0,5,3,4,1,5,1,0,0,7,1,1,2,2,3,3,0,2,1,4,3,5,0
2843,0,5,0,2,1,5,1,0,0,7,1,1,2,2,7,6,0,2,1,4,3,4,0
2844,0,2,2,4,0,5,1,1,0,7,1,3,0,0,7,7,0,2,1,0,3,3,1
2845,0,5,3,3,1,5,1,0,0,7,1,1,2,2,6,3,0,2,1,4,2,5,0
2846,0,5,3,3,1,5,1,0,0,9,1,1,2,2,6,6,0,2,1,4,2,5,0
2847,0,5,0,4,1,5,1,0,0,9,1,1,2,2,6,7,0,2,1,4,2,5,0
2848,0,2,0,3,1,5,1,0,0,5,1,1,2,2,6,7,0,2,1,4,3,5,0
2849,0,5,0,3,1,5,1,0,0,10,1,1,2,2,3,6,0,2,1,4,3,4,0
2850,0,5,3,4,1,5,1,0,0,10,1,1,2,2,3,6,0,2,1,4,2,5,0
2851,0,5,0,2,1,5,1,0,0,10,1,1,2,2,3,6,0,2,1,4,3,5,0
2852,0,5,0,4,1,5,1,0,0,9,1,1,2,2,6,6,0,2,1,4,3,4,0
2853,0,2,0,3,1,5,1,0,0,5,1,1,2,2,3,6,0,2,1,4,3,4,0
2854,0,2,0,4,1,5,1,0,0,10,1,1,2,2,3,3,0,2,1,4,3,5,0
2855,0,5,3,3,1,5,1,0,0,10,1,1,2,2,3,3,0,2,1,4,3,4,0
2856,0,5,3,2,1,5,1,0,0,9,1,1,2,2,7,7,0,2,1,4,3,5,0
2857,0,5,3,3,1,5,1,0,0,7,1,1,2,2,6,7,0,2,1,4,2,4,0
2858,0,2,0,3,1,5,1,0,0,7,1,1,2,2,3,7,0,2,1,4,2,5,0
2859,0,5,0,2,1,5,1,0,0,9,1,1,2,2,6,7,0,2,1,4,3,5,0
2860,1,5,2,5,0,1,1,1,1,9,0,1,2,2,7,7,0,2,1,4,2,3,0
2861,0,2,3,4,1,5,1,0,0,10,1,1,2,2,6,6,0,2,1,4,2,4,0
2862,0,5,3,2,1,5,1,0,0,10,1,1,2,2,3,3,0,2,1,4,2,4,0
2863,0,5,3,3,1,5,1,0,0,9,1,1,2,2,3,7,0,2,1,4,2,5,0
2864,0,5,3,3,1,5,1,0,0,5,1,1,2,2,3,3,0,2,1,4,2,4,0
2865,0,5,0,3,1,5,1,0,0,5,1,1,2,2,3,3,0,2,1,4,2,5,0
2866,0,5,0,2,1,5,1,0,0,5,1,1,2,2,3,6,0,2,1,4,3,5,0
2867,0,5,3,4,1,5,1,0,0,9,1,1,2,2,6,6,0,2,1,4,3,5,0
2868,0,5,3,3,1,5,1,0,0,7,1,1,2,2,6,3,0,2,1,4,3,5,0
2869,0,5,3,2,1,5,1,0,0,9,1,1,2,2,3,7,0,2,1,4,2,4,0
2870,0,5,3,4,1,5,1,0,0,7,1,1,2,2,7,7,0,2,1,4,2,4,0
2871,0,5,3,3,1,5,1,0,0,10,1,1,2,2,6,3,0,2,1,4,3,4,0
2872,0,5,3,4,1,5,1,0,0,9,1,1,2,2,6,7,0,2,1,4,3,5,0
2873,0,5,0,2,1,5,1,0,0,7,1,1,2,2,6,7,0,2,1,4,2,5,0
2874,0,5,0,2,1,5,1,0,0,7,1,1,2,2,7,6,0,2,1,4,3,5,0
2875,0,5,3,3,1,5,1,0,0,10,1,1,2,2,7,6,0,2,1,4,3,5,0
2876,0,2,0,3,1,5,1,0,0,5,1,1,2,2,3,7,0,2,1,4,2,5,0
2877,0,2,0,2,1,5,1,0,0,10,1,1,2,2,7,6,0,2,1,4,3,5,0
2878,0,2,0,3,1,5,1,0,0,7,1,1,2,2,3,3,0,2,1,4,3,5,0
2879,0,5,3,2,1,5,1,0,0,7,1,1,2,2,3,7,0,2,1,4,3,5,0
2880,0,5,3,2,1,5,1,0,0,7,1,1,2,2,3,7,0,2,1,4,3,4,0
2881,0,5,2,8,0,5,1,1,0,4,1,3,2,0,7,7,0,2,1,0,2,3,1
2882,0,5,3,4,1,5,1,0,0,10,1,1,2,2,7,6,0,2,1,4,2,4,0
2883,0,5,3,2,1,5,1,0,0,5,1,1,2,2,7,7,0,2,1,4,3,5,0
2884,0,2,0,2,1,5,1,0,0,9,1,1,2,2,6,6,0,2,1,4,2,4,0
2885,0,5,0,3,1,5,1,0,0,5,1,1,2,2,7,6,0,2,1,4,2,5,0
2886,0,2,0,4,1,5,1,0,0,5,1,1,2,2,6,3,0,2,1,4,2,4,0
2887,1,5,2,3,0,1,1,0,1,5,0,1,2,2,7,7,0,2,1,4,2,4,0
2888,0,2,3,2,1,5,1,0,0,10,1,1,2,2,6,6,0,2,1,4,2,4,0
2889,0,5,3,3,1,5,1,0,0,10,1,1,2,2,7,3,0,2,1,4,2,4,0
2890,0,5,0,4,0,5,1,1,0,4,1,3,2,2,7,7,0,2,1,0,2,0,1
2891,0,5,3,2,1,5,1,0,0,9,1,1,2,2,7,3,0,2,1,4,2,5,0
2892,1,5,0,8,0,1,1,1,1,9,0,1,2,2,7,7,0,2,1,4,3,4,0
2893,0,5,3,2,1,5,1,0,0,7,1,1,2,2,3,6,0,2,1,4,2,4,0
2894,0,2,0,3,1,5,1,0,0,7,1,1,2,2,6,6,0,2,1,4,2,4,0
2895,0,2,0,4,1,5,1,0,0,9,1,1,2,2,7,3,0,2,1,4,2,4,0
2896,0,5,3,4,1,5,1,0,0,7,1,1,2,2,6,6,0,2,1,4,2,4,0
2897,0,2,0,4,1,5,1,0,0,9,1,1,2,2,3,3,0,2,1,4,2,4,0
2898,0,5,0,3,1,5,1,0,0,5,1,1,2,2,7,7,0,2,1,4,3,5,0
2899,0,2,3,4,1,5,1,0,0,5,1,1,2,2,3,6,0,2,1,4,2,4,0
2900,0,5,3,3,1,5,1,0,0,10,1,1,2,2,3,7,0,2,1,4,3,5,0
2901,0,2,3,4,1,5,1,0,0,7,1,1,2,2,3,6,0,2,1,4,3,5,0
2902,0,5,0,3,1,5,1,0,0,5,1,1,2,2,6,7,0,2,1,4,3,4,0
2903,1,5,0,3,0,2,1,0,0,3,0,1,1,1,4,6,0,2,1,2,1,5,4
2904,0,5,3,3,1,5,1,0,0,5,1,1,2,2,7,7,0,2,1,4,3,5,0
2905,0,5,3,3,1,5,1,0,0,10,1,1,2,2,7,7,0,2,1,4,2,4,0
2906,0,5,0,3,1,5,1,0,0,5,1,1,2,2,6,3,0,2,1,4,2,5,0
2907,0,5,0,2,1,5,1,0,0,7,1,1,2,2,6,6,0,2,1,4,2,5,0
2908,0,5,0,3,1,5,1,0,0,7,1,1,2,2,7,7,0,2,1,4,2,5,0
2909,0,5,0,3,1,5,1,0,0,7,1,1,2,2,7,6,0,2,1,4,3,5,0
2910,0,2,0,3,1,5,1,0,0,5,1,1,2,2,3,7,0,2,1,4,3,5,0
2911,0,5,3,2,1,5,1,0,0,5,1,1,2,2,3,3,0,2,1,4,3,5,0
2912,0,5,0,3,1,5,1,0,0,7,1,1,2,2,3,7,0,2,1,4,3,4,0
2913,0,5,3,2,1,5,1,0,0,9,1,1,2,2,6,6,0,2,1,4,2,4,0
2914,0,5,0,4,1,5,1,0,0,10,1,1,2,2,6,3,0,2,1,4,2,5,0
2915,0,5,3,3,1,5,1,0,0,9,1,1,2,2,3,3,0,2,1,4,3,4,0
2916,0,5,3,2,1,5,1,0,0,5,1,1,2,2,7,6,0,2,1,4,3,5,0
2917,0,2,0,4,1,5,1,0,0,7,1,1,2,2,6,6,0,2,1,4,2,5,0
2918,0,5,0,2,1,5,1,0,0,10,1,1,2,2,7,7,0,2,1,4,2,5,0
2919,0,2,3,4,1,5,1,0,0,9,1,1,2,2,7,3,0,2,1,4,3,4,0
2920,0,5,3,4,1,5,1,0,0,10,1,1,2,2,3,3,0,2,1,4,2,5,0
2921,0,5,3,3,1,5,1,0,0,9,1,1,2,2,3,6,0,2,1,4,3,4,0
2922,0,2,0,2,1,5,1,0,0,9,1,1,2,2,6,7,0,2,1,4,2,5,0
2923,0,5,0,3,1,5,1,0,0,9,1,1,2,2,3,6,0,2,1,4,2,5,0
2924,0,5,3,3,1,5,1,0,0,5,1,1,2,2,6,7,0,2,1,4,2,5,0
2925,0,5,3,3,1,5,1,0,0,10,1,1,2,2,7,7,0,2,1,4,3,5,0
2926,1,5,0,3,0,2,1,0,0,2,0,1,1,1,0,4,0,2,1,2,1,5,4
2927,0,5,0,3,1,5,1,0,0,7,1,1,2,2,7,3,0,2,1,4,2,4,0
2928,0,5,0,3,1,5,1,0,0,5,1,1,2,2,3,6,0,2,1,4,3,5,0
2929,0,5,0,4,1,5,1,0,0,7,1,1,2,2,7,7,0,2,1,4,3,4,0
2930,0,5,0,3,1,5,1,0,0,10,1,1,2,2,3,7,0,2,1,4,3,4,0
2931,0,2,0,4,1,5,1,0,0,5,1,1,2,2,7,7,0,2,1,4,2,5,0
2932,0,5,3,4,1,5,1,0,0,7,1,1,2,2,3,3,0,2,1,4,2,5,0
2933,0,5,0,2,1,5,1,0,0,7,1,1,2,2,6,7,0,2,1,4,2,4,0
2934,0,5,3,4,1,5,1,0,0,10,1,1,2,2,3,3,0,2,1,4,2,4,0
2935,0,2,3,3,1,5,1,0,0,10,1,1,2,2,7,7,0,2,1,4,2,4,0
2936,0,2,0,3,1,5,1,0,0,5,1,1,2,2,3,7,0,2,1,4,3,4,0
2937,1,5,0,3,0,2,1,0,0,3,0,1,1,1,6,0,0,2,1,2,1,4,4
2938,0,5,0,4,1,5,1,0,0,9,1,1,2,2,6,7,0,2,1,4,3,5,0
2939,0,5,3,4,1,5,1,0,0,9,1,1,2,2,3,3,0,2,1,4,2,5,0
2940,0,5,0,2,1,5,1,0,0,5,1,1,2,2,3,3,0,2,1,4,3,4,0
2941,0,5,0,4,1,5,1,0,0,9,1,1,2,2,6,3,0,2,1,4,3,4,0
2942,0,2,0,4,1,5,1,0,0,7,1,1,2,2,7,6,0,2,1,4,3,5,0
2943,0,5,3,3,1,5,1,0,0,10,1,1,2,2,7,3,0,2,1,4,3,4,0
2944,0,5,3,4,1,5,1,0,0,9,1,1,2,2,7,3,0,2,1,4,2,4,0
2945,0,5,3,2,1,5,1,0,0,7,1,1,2,2,7,7,0,2,1,4,3,5,0
2946,0,2,0,3,1,5,1,0,0,7,1,1,2,2,7,3,0,2,1,4,2,5,0
2947,0,5,0,3,1,5,1,0,0,10,1,1,2,2,6,6,0,2,1,4,2,4,0
2948,0,5,3,2,1,5,1,0,0,5,1,1,2,2,6,3,0,2,1,4,3,4,0
2949,0,5,3,2,1,5,1,0,0,9,1,1,2,2,7,7,0,2,1,4,3,4,0
2950,0,5,0,3,1,5,1,0,0,7,1,1,2,2,6,6,0,2,1,4,2,5,0
2951,0,5,3,4,1,5,1,0,0,7,1,1,2,2,6,3,0,2,1,4,3,4,0
2952,0,5,0,2,1,5,1,0,0,9,1,1,2,2,6,7,0,2,1,4,2,5,0
2953,0,2,0,4,1,5,1,0,0,5,1,1,2,2,3,6,0,2,1,4,3,5,0
2954,0,5,0,2,1,5,1,0,0,7,1,1,2,2,7,3,0,2,1,4,3,5,0
2955,0,2,0,4,1,5,1,0,0,5,1,1,2,2,7,6,0,2,1,4,3,4,0
2956,0,5,3,2,1,5,1,0,0,5,1,1,2,2,6,3,0,2,1,4,2,5,0
2957,0,5,0,4,1,5,1,0,0,5,1,1,2,2,3,7,0,2,1,4,2,5,0
2958,0,5,0,2,1,5,1,0,0,10,1,1,2,2,7,6,0,2,1,4,3,5,0
2959,0,5,0,2,1,5,1,0,0,10,1,1,2,2,6,3,0,2,1,4,2,4,0
2960,0,5,0,4,1,5,1,0,0,9,1,1,2,2,3,7,0,2,1,4,2,4,0
2961,0,5,3,4,1,5,1,0,0,5,1,1,2,2,3,7,0,2,1,4,3,5,0
2962,0,5,3,2,1,5,1,0,0,10,1,1,2,2,7,7,0,2,1,4,3,5,0
2963,0,2,0,4,1,5,1,0,0,9,1,1,2,2,6,3,0,2,1,4,3,5,0
2964,0,5,3,4,1,5,1,0,0,9,1,1,2,2,6,7,0,2,1,4,2,5,0
2965,0,5,3,2,1,5,1,0,0,9,1,1,2,2,7,3,0,2,1,4,3,4,0
2966,0,2,0,3,0,5,1,1,0,5,1,3,0,2,7,7,0,2,1,0,3,3,1
2967,0,5,3,2,1,5,1,0,0,10,1,1,2,2,7,3,0,2,1,4,2,4,0
2968,0,5,3,2,1,5,1,0,0,7,1,1,2,2,3,3,0,2,1,4,3,5,0
2969,0,2,0,4,1,5,1,0,0,9,1,1,2,2,3,6,0,2,1,4,3,5,0
2970,0,2,0,4,1,5,1,0,0,5,1,1,2,2,3,3,0,2,1,4,2,5,0
2971,0,5,0,3,1,5,1,0,0,9,1,1,2,2,6,6,0,2,1,4,2,4,0
2972,0,5,3,3,1,5,1,0,0,10,1,1,2,2,7,6,0,2,1,4,2,4,0
2973,0,5,0,4,1,5,1,0,0,9,1,1,2,2,7,6,0,2,1,4,3,5,0
2974,0,2,0,4,1,5,1,0,0,10,1,1,2,2,6,7,0,2,1,4,3,5,0
2975,0,5,3,4,1,5,1,0,0,9,1,1,2,2,6,6,0,2,1,4,2,5,0
2976,0,5,3,3,1,5,1,0,0,9,1,1,2,2,6,6,0,2,1,4,2,4,0
2977,0,5,0,3,1,5,1,0,0,10,1,1,2,2,3,6,0,2,1,4,3,5,0
2978,0,5,3,2,1,5,1,0,0,7,1,1,2,2,7,3,0,2,1,4,2,5,0
2979,0,5,0,3,1,5,1,0,0,9,1,1,2,2,7,3,0,2,1,4,3,4,0
2980,0,5,3,2,1,5,1,0,0,9,1,1,2,2,7,6,0,2,1,4,3,4,0
2981,0,5,0,3,1,5,1,0,0,7,1,1,2,2,6,7,0,2,1,4,3,4,0
2982,0,5,0,2,1,5,1,0,0,9,1,1,2,2,3,7,0,2,1,4,3,4,0
2983,0,5,0,2,1,5,1,0,0,10,1,1,2,2,7,7,0,2,1,4,3,4,0
2984,0,5,0,2,1,5,1,0,0,9,1,1,2,2,7,3,0,2,1,4,2,5,0
2985,0,2,3,3,1,5,1,0,0,10,1,1,2,2,3,6,0,2,1,4,2,5,0
2986,0,5,0,3,1,5,1,0,0,10,1,1,2,2,3,6,0,2,1,4,2,5,0
2987,0,5,0,2,1,5,1,0,0,10,1,1,2,2,3,6,0,2,1,4,2,4,0
2988,0,5,0,3,1,5,1,0,0,10,1,1,2,2,7,7,0,2,1,4,3,5,0
2989,0,2,0,4,1,5,1,0,0,7,1,1,2,2,7,7,0,2,1,4,2,4,0
2990,1,5,0,3,0,2,1,0,0,3,0,1,1,1,0,4,0,2,1,2,1,4,0
2991,0,5,0,4,1,5,1,0,0,10,1,1,2,2,7,7,0,2,1,4,2,4,0
2992,0,5,3,3,1,5,1,0,0,7,1,1,2,2,3,3,0,2,1,4,3,5,0
2993,0,2,0,4,1,5,1,0,0,5,1,1,2,2,3,3,0,2,1,4,3,5,0
2994,0,5,0,2,1,5,1,0,0,9,1,1,2,2,7,7,0,2,1,4,2,4,0
2995,0,2,0,3,1,5,1,0,0,9,1,1,2,2,3,6,0,2,1,4,2,4,0
2996,0,5,3,4,1,5,1,0,0,5,1,1,2,2,3,3,0,2,1,4,2,5,0
2997,0,5,3,2,1,5,1,0,0,5,1,1,2,2,3,6,0,2,1,4,2,5,0
2998,0,5,3,2,1,5,1,0,0,10,1,1,2,2,3,7,0,2,1,4,2,4,0
2999,0,5,3,4,1,5,1,0,0,9,1,1,2,2,7,6,0,2,1,4,3,4,0
3000,0,5,3,4,1,5,1,0,0,5,1,1,2,2,3,6,0,2,1,4,2,4,0
3001,1,5,3,9,0,2,1,0,0,3,0,1,1,1,0,4,0,2,1,2,1,4,4
3002,0,2,3,4,1,5,1,0,0,9,1,1,2,2,3,3,0,2,1,4,3,5,0
3003,1,5,0,3,0,2,1,0,0,7,0,1,1,1,0,4,0,2,1,2,1,5,0
3004,1,5,0,3,0,1,1,1,1,2,0,1,2,2,7,7,0,2,1,4,2,3,0
3005,0,2,0,3,1,5,1,0,0,9,1,1,2,2,6,6,0,2,1,4,3,5,0
3006,0,2,0,2,1,5,1,0,0,9,1,1,2,2,3,6,0,2,1,4,3,4,0
3007,0,2,3,4,1,5,1,0,0,7,1,1,2,2,7,7,0,2,1,4,2,5,0
3008,0,2,0,2,1,5,1,0,0,7,1,1,2,2,3,7,0,2,1,4,2,5,0
3009,1,5,0,3,0,2,1,0,0,3,0,1,1,1,6,6,0,2,1,2,1,5,4
3010,0,2,0,3,1,5,1,0,0,10,1,1,2,2,7,7,0,2,1,4,3,4,0
3011,0,2,3,2,1,5,1,0,0,9,1,1,2,2,6,3,0,2,1,4,2,5,0
3012,0,2,3,2,1,5,1,0,0,9,1,1,2,2,6,3,0,2,1,4,3,5,0
3013,1,5,0,8,0,1,1,0,1,7,0,1,2,2,7,7,0,2,1,4,3,3,0
3014,0,5,0,2,1,5,1,0,0,9,1,1,2,2,6,3,0,2,1,4,3,5,0
3015,0,2,3,4,1,5,1,0,0,9,1,1,2,2,7,7,0,2,1,4,2,4,0
3016,1,5,0,3,0,2,1,0,0,2,0,1,1,1,6,4,0,2,1,2,1,4,1
3017,1,5,0,3,0,2,1,0,0,2,0,1,1,1,6,0,0,2,1,2,1,5,4
3018,0,2,3,2,1,5,1,0,0,7,1,1,2,2,3,7,0,2,1,4,3,4,0
3019,0,2,3,2,1,5,1,0,0,5,1,1,2,2,3,7,0,2,1,4,2,4,0
3020,0,2,0,4,1,5,1,0,0,10,1,1,2,2,6,7,0,2,1,4,2,4,0
3021,0,2,0,3,1,5,1,0,0,10,1,1,2,2,7,3,0,2,1,4,2,4,0
3022,0,2,0,2,1,5,1,0,0,10,1,1,2,2,3,3,0,2,1,4,3,5,0
3023,0,2,3,2,1,5,1,0,0,9,1,1,2,2,3,6,0,2,1,4,3,4,0
3024,0,2,3,2,1,5,1,0,0,10,1,1,2,2,3,6,0,2,1,4,3,5,0
3025,0,2,3,2,1,5,1,0,0,7,1,1,2,2,3,7,0,2,1,4,2,4,0
3026,1,5,0,5,0,1,1,1,1,9,0,1,2,2,7,7,0,2,1,4,2,3,0
3027,1,5,0,3,0,2,1,0,0,2,0,1,1,1,4,0,0,2,1,2,1,5,0
3028,0,2,0,2,1,5,1,0,0,7,1,1,2,2,7,6,0,2,1,4,3,5,0
3029,0,2,3,3,1,5,1,0,0,10,1,1,2,2,3,6,0,2,1,4,2,4,0
3030,0,2,3,3,1,5,1,0,0,10,1,1,2,2,3,7,0,2,1,4,2,4,0
3031,0,2,0,3,1,5,1,0,0,10,1,1,2,2,7,6,0,2,1,4,3,5,0
3032,0,2,0,2,1,5,1,0,0,9,1,1,2,2,3,6,0,2,1,4,2,5,0
3033,0,2,3,2,1,5,1,0,0,10,1,1,2,2,6,7,0,2,1,4,3,4,0
3034,1,2,0,3,0,2,1,0,0,3,0,1,1,1,0,6,0,2,1,2,1,4,4
3035,0,2,3,4,1,5,1,0,0,10,1,1,2,2,3,6,0,2,1,4,3,5,0
3036,0,2,3,2,1,5,1,0,0,7,1,1,2,2,6,6,0,2,1,4,3,4,0
3037,1,5,0,3,0,1,1,0,1,7,0,1,2,2,7,7,0,2,1,4,3,3,0
3038,0,2,0,2,1,5,1,0,0,7,1,1,2,2,3,6,0,2,1,4,2,5,0
3039,0,2,3,2,1,5,1,0,0,7,1,1,2,2,7,3,0,2,1,4,2,4,0
3040,1,5,3,9,0,2,1,0,0,7,0,1,1,1,0,6,0,2,1,2,1,4,1
3041,1,2,0,9,0,2,1,0,0,7,0,1,1,1,6,6,0,2,1,2,1,4,0
3042,0,2,3,4,1,5,1,0,0,9,1,1,2,2,6,3,0,2,1,4,2,4,0
3043,0,2,3,4,1,5,1,0,0,7,1,1,2,2,7,3,0,2,1,4,2,4,0
3044,0,2,3,3,1,5,1,0,0,10,1,1,2,2,7,7,0,2,1,4,3,4,0
3045,0,2,3,4,1,5,1,0,0,7,1,1,2,2,7,7,0,2,1,4,3,4,0
3046,0,5,3,2,1,5,1,0,0,5,1,1,2,2,6,6,0,2,1,4,2,4,0
3047,1,5,2,5,0,1,1,1,1,5,0,1,2,2,7,7,0,2,1,4,3,4,0
3048,0,2,3,4,1,5,1,0,0,7,1,1,2,2,6,7,0,2,1,4,2,5,0
3049,0,5,3,2,1,5,1,0,0,9,1,1,2,2,6,7,0,2,1,4,2,4,0
3050,0,2,0,2,1,5,1,0,0,7,1,1,2,2,6,6,0,2,1,4,2,5,0
3051,0,2,3,4,1,5,1,0,0,5,1,1,2,2,3,3,0,2,1,4,2,4,0
3052,1,5,2,8,0,1,1,0,1,7,0,1,2,2,7,7,0,2,1,4,2,4,0
3053,0,2,0,3,1,5,1,0,0,10,1,1,2,2,7,3,0,2,1,4,3,4,0
3054,0,2,3,3,1,5,1,0,0,9,1,1,2,2,3,6,0,2,1,4,3,5,0
3055,0,2,3,3,1,5,1,0,0,7,1,1,2,2,6,6,0,2,1,4,3,4,0
3056,0,2,3,4,1,5,1,0,0,7,1,1,2,2,7,7,0,2,1,4,2,4,0
3057,1,5,2,3,0,1,1,0,1,9,0,1,2,2,7,7,0,2,1,4,3,3,0
3058,1,5,0,5,0,1,1,0,1,5,0,1,2,2,7,7,0,2,1,4,2,3,0
3059,0,2,3,2,1,5,1,0,0,9,1,1,2,2,3,3,0,2,1,4,2,5,0
3060,1,5,0,3,0,2,1,0,0,7,0,1,1,1,6,4,0,2,1,2,1,5,0
3061,1,5,2,8,0,1,1,1,1,2,0,1,2,2,7,7,0,2,1,4,2,4,0
3062,1,5,0,3,0,2,1,0,0,2,0,1,1,1,0,0,0,2,1,2,1,4,4
3063,0,2,3,4,1,5,1,0,0,5,1,1,2,2,6,6,0,2,1,4,3,4,0
3064,1,5,3,9,0,2,1,0,0,2,0,1,1,1,4,0,0,2,1,2,1,5,4
3065,0,2,3,3,1,5,1,0,0,9,1,1,2,2,6,3,0,2,1,4,3,4,0
3066,0,2,3,4,1,5,1,0,0,9,1,1,2,2,6,7,0,2,1,4,2,5,0
3067,0,2,3,3,1,5,1,0,0,7,1,1,2,2,7,3,0,2,1,4,2,5,0
3068,1,5,2,8,0,1,1,0,1,7,0,1,2,2,7,7,0,2,1,4,3,3,0
3069,1,5,0,3,0,2,1,0,0,2,0,1,1,1,4,0,0,2,1,2,1,4,4
3070,0,2,3,3,1,5,1,0,0,9,1,1,2,2,7,7,0,2,1,4,2,4,0
3071,0,5,3,4,1,5,1,0,0,10,1,1,2,2,6,7,0,2,1,4,2,5,0
3072,0,2,3,3,1,5,1,0,0,5,1,1,2,2,6,6,0,2,1,4,2,5,0
3073,1,5,0,3,0,2,1,0,0,7,0,1,1,1,4,6,0,2,1,2,1,4,4
3074,0,2,3,4,1,5,1,0,0,7,1,1,2,2,7,3,0,2,1,4,3,5,0
3075,1,2,0,3,0,2,1,0,0,3,0,1,1,1,6,0,0,2,1,2,1,5,4
3076,0,2,0,2,1,5,1,0,0,5,1,1,2,2,7,3,0,2,1,4,3,5,0
3077,0,5,0,4,1,5,1,0,0,9,1,1,2,2,7,7,0,2,1,4,2,4,0
3078,1,2,0,3,0,2,1,0,0,2,0,1,1,1,6,0,0,2,1,2,1,4,4
3079,0,2,3,3,1,5,1,0,0,9,1,1,2,2,6,7,0,2,1,4,2,4,0
3080,0,2,3,3,1,5,1,0,0,9,1,1,2,2,3,7,0,2,1,4,3,5,0
3081,0,2,3,2,1,5,1,0,0,7,1,1,2,2,6,3,0,2,1,4,3,5,0
3082,1,5,0,3,0,2,1,0,0,2,0,1,1,1,6,6,0,2,1,2,1,4,4
3083,0,2,0,2,1,5,1,0,0,7,1,1,2,2,7,7,0,2,1,4,3,4,0
3084,0,2,3,4,1,5,1,0,0,9,1,1,2,2,3,6,0,2,1,4,2,4,0
3085,1,5,0,3,0,2,1,0,0,7,0,1,1,1,4,6,0,2,1,2,1,4,1
3086,0,2,3,2,1,5,1,0,0,9,1,1,2,2,3,7,0,2,1,4,2,5,0
3087,1,5,0,3,0,2,1,0,0,3,0,1,1,1,6,0,0,2,1,2,1,5,0
3088,0,2,3,2,1,5,1,0,0,10,1,1,2,2,7,3,0,2,1,4,3,5,0
3089,1,5,0,3,0,2,1,0,0,3,0,1,1,1,0,4,0,2,1,2,1,5,1
3090,1,5,0,3,0,2,1,0,0,2,0,1,1,1,4,6,0,2,1,2,1,5,4
3091,1,5,0,3,0,2,1,0,0,2,0,1,1,1,0,0,0,2,1,2,1,5,1
3092,0,2,3,2,1,5,1,0,0,9,1,1,2,2,3,3,0,2,1,4,3,5,0
3093,1,5,0,3,0,2,1,0,0,7,0,1,1,1,4,0,0,2,1,2,1,4,1
3094,0,2,0,2,1,5,1,0,0,9,1,1,2,2,6,6,0,2,1,4,3,4,0
3095,1,5,2,3,0,1,1,1,1,2,0,1,2,2,7,7,0,2,1,4,3,4,0
3096,0,2,3,3,1,5,1,0,0,10,1,1,2,2,6,3,0,2,1,4,2,4,0
3097,1,5,2,5,0,1,1,0,1,7,0,1,2,2,7,7,0,2,1,4,3,3,0
3098,0,2,0,2,1,5,1,0,0,5,1,1,2,2,3,3,0,2,1,4,3,5,0
3099,0,2,0,2,1,5,1,0,0,9,1,1,2,2,3,3,0,2,1,4,3,5,0
3100,0,2,3,2,1,5,1,0,0,7,1,1,2,2,3,7,0,2,1,4,2,5,0
3101,0,2,3,4,1,5,1,0,0,5,1,1,2,2,7,6,0,2,1,4,2,5,0
3102,1,5,0,3,0,2,1,0,0,7,0,1,1,1,0,6,0,2,1,2,1,5,1
3103,1,2,0,9,0,2,1,0,0,2,0,1,1,1,4,4,0,2,1,2,1,5,4
3104,1,5,2,3,0,1,1,1,1,2,0,1,2,2,7,7,0,2,1,4,2,3,0
3105,0,2,0,2,1,5,1,0,0,9,1,1,2,2,3,6,0,2,1,4,2,4,0
3106,0,2,0,2,1,5,1,0,0,10,1,1,2,2,3,3,0,2,1,4,2,5,0
3107,0,2,3,2,1,5,1,0,0,9,1,1,2,2,6,6,0,2,1,4,2,4,0
3108,0,2,3,4,1,5,1,0,0,10,1,1,2,2,6,3,0,2,1,4,2,5,0
3109,1,5,0,3,0,2,1,0,0,7,0,1,1,1,6,0,0,2,1,2,1,4,1
3110,1,5,0,3,0,1,1,0,1,9,0,1,2,2,7,7,0,2,1,4,2,4,0
3111,0,2,0,3,1,5,1,0,0,10,1,1,2,2,7,6,0,2,1,4,2,5,0
3112,0,2,3,2,1,5,1,0,0,5,1,1,2,2,3,7,0,2,1,4,3,4,0
3113,0,2,3,2,1,5,1,0,0,5,1,1,2,2,3,6,0,2,1,4,2,4,0
3114,0,2,0,3,1,5,1,0,0,10,1,1,2,2,6,6,0,2,1,4,3,4,0
3115,0,2,3,4,1,5,1,0,0,7,1,1,2,2,3,6,0,2,1,4,2,5,0
3116,0,2,3,4,1,5,1,0,0,5,1,1,2,2,3,7,0,2,1,4,2,5,0
3117,0,2,0,2,1,5,1,0,0,5,1,1,2,2,3,6,0,2,1,4,2,4,0
3118,1,5,2,3,0,1,1,0,1,9,0,1,2,2,7,7,0,2,1,4,2,4,0
3119,1,5,0,8,0,1,1,0,1,5,0,1,2,2,7,7,0,2,1,4,3,4,0
3120,0,2,0,3,1,5,1,0,0,9,1,1,2,2,6,3,0,2,1,4,2,5,0
3121,0,2,3,3,1,5,1,0,0,10,1,1,2,2,3,7,0,2,1,4,3,5,0
3122,1,5,0,3,0,2,1,0,0,7,0,1,1,1,4,0,0,2,1,2,1,5,0
3123,0,5,3,2,1,5,1,0,0,5,1,1,2,2,7,3,0,2,1,4,2,4,0
3124,1,5,2,8,0,1,1,1,1,7,0,1,2,2,7,7,0,2,1,4,2,3,0
3125,0,2,3,3,1,5,1,0,0,5,1,1,2,2,6,6,0,2,1,4,3,5,0
3126,0,2,3,3,1,5,1,0,0,5,1,1,2,2,7,6,0,2,1,4,2,5,0
3127,0,2,3,3,1,5,1,0,0,7,1,1,2,2,7,6,0,2,1,4,3,4,0
3128,0,2,0,2,1,5,1,0,0,10,1,1,2,2,6,3,0,2,1,4,3,4,0
3129,0,2,3,4,1,5,1,0,0,10,1,1,2,2,6,7,0,2,1,4,3,5,0
3130,0,2,3,3,1,5,1,0,0,7,1,1,2,2,3,3,0,2,1,4,2,4,0
3131,0,2,3,4,1,5,1,0,0,9,1,1,2,2,7,3,0,2,1,4,3,5,0
3132,0,2,3,3,1,5,1,0,0,7,1,1,2,2,7,6,0,2,1,4,2,5,0
3133,0,2,3,3,1,5,1,0,0,9,1,1,2,2,3,6,0,2,1,4,3,4,0
3134,0,5,0,4,1,5,1,0,0,9,1,1,2,2,7,6,0,2,1,4,2,5,0
3135,0,2,3,2,1,5,1,0,0,7,1,1,2,2,7,6,0,2,1,4,2,5,0
3136,0,2,0,2,1,5,1,0,0,7,1,1,2,2,3,7,0,2,1,4,2,4,0
3137,0,2,3,2,1,5,1,0,0,7,1,1,2,2,7,6,0,2,1,4,3,4,0
3138,1,5,0,9,0,2,1,0,0,2,0,1,1,1,4,4,0,2,1,2,1,4,4
3139,0,2,3,3,1,5,1,0,0,9,1,1,2,2,6,7,0,2,1,4,3,5,0
3140,0,2,3,4,1,5,1,0,0,7,1,1,2,2,6,6,0,2,1,4,2,4,0
3141,1,5,0,3,0,2,1,0,0,7,0,1,1,1,6,0,0,2,1,2,1,5,0
3142,0,2,3,3,1,5,1,0,0,10,1,1,2,2,6,6,0,2,1,4,2,5,0
3143,0,2,3,3,1,5,1,0,0,9,1,1,2,2,7,3,0,2,1,4,2,5,0
3144,0,2,3,3,1,5,1,0,0,7,1,1,2,2,3,7,0,2,1,4,3,5,0
3145,0,2,3,2,1,5,1,0,0,5,1,1,2,2,3,3,0,2,1,4,3,5,0
3146,0,2,3,3,1,5,1,0,0,5,1,1,2,2,3,6,0,2,1,4,2,4,0
3147,1,5,2,8,0,1,1,0,1,2,0,1,2,2,7,7,0,2,1,4,3,3,0
3148,1,5,0,8,0,1,1,1,1,5,0,1,2,2,7,7,0,2,1,4,3,3,0
3149,0,2,0,4,1,5,1,0,0,5,1,1,2,2,7,7,0,2,1,4,2,4,0
3150,0,2,0,2,1,5,1,0,0,9,1,1,2,2,7,6,0,2,1,4,2,5,0
3151,0,2,3,2,1,5,1,0,0,5,1,1,2,2,3,6,0,2,1,4,3,5,0
3152,1,5,0,3,0,2,1,0,0,3,0,1,1,1,4,6,0,2,1,2,1,5,0
3153,0,2,0,3,1,5,1,0,0,7,1,1,2,2,3,7,0,2,1,4,3,4,0
3154,0,2,0,3,1,5,1,0,0,5,1,1,2,2,7,6,0,2,1,4,2,5,0
3155,0,2,0,3,1,5,1,0,0,9,1,1,2,2,7,7,0,2,1,4,2,5,0
3156,1,5,2,8,0,1,1,1,1,2,0,1,2,2,7,7,0,2,1,4,3,3,0
3157,0,5,3,2,1,5,1,0,0,5,1,1,2,2,7,6,0,2,1,4,2,4,0
3158,0,2,3,2,1,5,1,0,0,9,1,1,2,2,6,3,0,2,1,4,2,4,0
3159,1,5,0,3,0,2,1,0,0,2,0,1,1,1,6,0,0,2,1,2,1,5,0
3160,0,2,0,2,1,5,1,0,0,10,1,1,2,2,7,3,0,2,1,4,2,5,0
3161,1,5,0,3,0,2,1,0,0,7,0,1,1,1,4,0,0,2,1,2,1,4,4
3162,1,5,0,5,0,1,1,1,1,2,0,1,2,2,7,7,0,2,1,4,2,3,0
3163,0,2,3,3,1,5,1,0,0,10,1,1,2,2,6,7,0,2,1,4,2,4,0
3164,1,5,0,3,0,2,1,0,0,2,0,1,1,1,4,6,0,2,1,2,1,4,4
3165,1,5,0,8,0,1,1,0,1,2,0,1,2,2,7,7,0,2,1,4,3,3,0
3166,1,5,0,3,0,2,1,0,0,7,0,1,1,1,6,6,0,2,1,2,1,4,4
3167,0,2,3,2,1,5,1,0,0,10,1,1,2,2,6,3,0,2,1,4,3,4,0
3168,1,5,3,3,0,2,1,0,0,7,0,1,1,1,4,6,0,2,1,2,1,4,4
3169,1,5,2,3,0,1,1,1,1,9,0,1,2,2,7,7,0,2,1,4,3,3,0
3170,0,2,3,3,1,5,1,0,0,5,1,1,2,2,3,3,0,2,1,4,3,5,0
3171,0,2,3,4,1,5,1,0,0,7,1,1,2,2,3,6,0,2,1,4,2,4,0
3172,0,2,0,2,1,5,1,0,0,5,1,1,2,2,7,7,0,2,1,4,3,5,0
3173,1,5,0,3,0,2,1,0,0,7,0,1,1,1,4,4,0,2,1,2,1,4,4
3174,1,5,0,5,0,1,1,1,1,2,0,1,2,2,7,7,0,2,1,4,2,4,0
3175,0,5,3,4,1,5,1,0,0,7,1,1,2,2,3,6,0,2,1,4,3,4,0
3176,0,2,0,2,1,5,1,0,0,10,1,1,2,2,6,6,0,2,1,4,2,5,0
3177,0,2,3,4,1,5,1,0,0,10,1,1,2,2,7,3,0,2,1,4,2,5,0
3178,0,2,3,3,1,5,1,0,0,5,1,1,2,2,3,3,0,2,1,4,2,4,0
3179,1,5,3,3,0,2,1,0,0,2,0,1,1,1,4,6,0,2,1,2,1,4,1
3180,0,2,3,4,1,5,1,0,0,9,1,1,2,2,7,7,0,2,1,4,3,4,0
3181,1,5,0,5,0,1,1,0,1,9,0,1,2,2,7,7,0,2,1,4,2,4,0
3182,1,5,0,8,0,1,1,0,1,5,0,1,2,2,7,7,0,2,1,4,2,3,0
3183,0,2,0,2,1,5,1,0,0,10,1,1,2,2,3,7,0,2,1,4,3,5,0
3184,0,2,3,4,1,5,1,0,0,7,1,1,2,2,3,7,0,2,1,4,3,5,0
3185,0,2,3,2,1,5,1,0,0,9,1,1,2,2,3,6,0,2,1,4,2,4,0
3186,0,2,3,3,1,5,1,0,0,9,1,1,2,2,3,7,0,2,1,4,2,4,0
3187,1,5,0,3,0,2,1,0,0,2,0,1,1,1,0,0,0,2,1,2,1,4,0
3188,1,5,0,3,0,2,1,0,0,7,0,1,1,1,4,0,0,2,1,2,1,5,4
3189,0,2,0,2,1,5,1,0,0,7,1,1,2,2,7,7,0,2,1,4,2,5,0
3190,1,5,3,9,0,2,1,0,0,2,0,1,1,1,6,4,0,2,1,2,1,4,1
3191,1,5,2,5,0,1,1,0,1,9,0,1,2,2,7,7,0,2,1,4,2,3,0
3192,0,2,0,2,1,5,1,0,0,7,1,1,2,2,3,7,0,2,1,4,3,5,0
3193,1,2,0,9,0,2,1,0,0,7,0,1,1,1,0,4,0,2,1,2,1,4,0
3194,0,2,3,2,1,5,1,0,0,9,1,1,2,2,3,6,0,2,1,4,2,5,0
3195,0,2,3,2,1,5,1,0,0,5,1,1,2,2,7,3,0,2,1,4,3,4,0
3196,0,5,0,4,1,5,1,0,0,9,1,1,2,2,7,7,0,2,1,4,2,5,0
3197,0,2,0,2,1,5,1,0,0,10,1,1,2,2,3,6,0,2,1,4,2,4,0
3198,0,2,0,3,1,5,1,0,0,10,1,1,2,2,7,6,0,2,1,4,3,4,0
3199,1,5,0,3,0,2,1,0,0,7,0,1,1,1,0,0,0,2,1,2,1,4,1
3200,0,2,3,2,1,5,1,0,0,9,1,1,2,2,6,6,0,2,1,4,3,5,0
3201,1,2,0,3,0,2,1,0,0,3,0,1,1,1,4,0,0,2,1,2,1,5,4
3202,0,2,3,2,1,5,1,0,0,9,1,1,2,2,3,7,0,2,1,4,3,5,0
3203,0,2,0,2,1,5,1,0,0,7,1,1,2,2,6,7,0,2,1,4,2,4,0
3204,0,2,0,3,1,5,1,0,0,10,1,1,2,2,3,3,0,2,1,4,3,5,0
3205,1,5,0,3,0,2,1,0,0,2,0,1,1,1,0,6,0,2,1,2,1,5,1
3206,0,2,3,3,1,5,1,0,0,9,1,1,2,2,6,3,0,2,1,4,2,4,0
3207,0,2,3,3,1,5,1,0,0,9,1,1,2,2,3,6,0,2,1,4,2,5,0
3208,1,5,0,3,0,2,1,0,0,3,0,1,1,1,4,4,0,2,1,2,1,4,1
3209,1,5,0,8,0,1,1,0,1,9,0,1,2,2,7,7,0,2,1,4,3,3,0
3210,0,2,0,2,1,5,1,0,0,10,1,1,2,2,7,3,0,2,1,4,2,4,0
3211,1,5,0,9,0,2,1,0,0,2,0,1,1,1,4,0,0,2,1,2,1,4,0
3212,0,2,3,2,1,5,1,0,0,10,1,1,2,2,6,3,0,2,1,4,3,5,0
3213,0,2,3,3,1,5,1,0,0,5,1,1,2,2,6,6,0,2,1,4,3,4,0
3214,0,2,0,2,1,5,1,0,0,5,1,1,2,2,7,3,0,2,1,4,2,4,0
3215,0,2,0,3,1,5,1,0,0,9,1,1,2,2,7,6,0,2,1,4,3,4,0
3216,0,2,3,3,1,5,1,0,0,10,1,1,2,2,3,3,0,2,1,4,2,4,0
3217,0,2,0,2,1,5,1,0,0,7,1,1,2,2,6,3,0,2,1,4,3,4,0
3218,1,5,2,3,0,1,1,1,1,2,0,1,2,2,7,7,0,2,1,4,2,4,0
3219,0,2,3,3,1,5,1,0,0,9,1,1,2,2,7,7,0,2,1,4,3,5,0
3220,0,2,3,4,1,5,1,0,0,10,1,1,2,2,7,3,0,2,1,4,3,5,0
3221,0,2,3,3,1,5,1,0,0,5,1,1,2,2,6,3,0,2,1,4,3,5,0
3222,0,2,3,3,1,5,1,0,0,5,1,1,2,2,7,6,0,2,1,4,3,5,0
3223,0,2,3,4,1,5,1,0,0,10,1,1,2,2,3,7,0,2,1,4,2,5,0
3224,0,5,0,3,1,5,1,0,0,5,1,1,2,2,7,3,0,2,1,4,3,4,0
3225,0,2,0,3,1,5,1,0,0,9,1,1,2,2,3,6,0,2,1,4,3,5,0
3226,1,5,0,3,0,2,1,0,0,7,0,1,1,1,6,0,0,2,1,2,1,5,4
3227,1,5,2,8,0,1,1,1,1,7,0,1,2,2,7,7,0,2,1,4,2,4,0
3228,0,2,0,3,1,5,1,0,0,9,1,1,2,2,6,3,0,2,1,4,2,4,0
3229,0,2,0,3,1,5,1,0,0,10,1,1,2,2,3,7,0,2,1,4,2,4,0
3230,0,2,3,3,1,5,1,0,0,5,1,1,2,2,7,3,0,2,1,4,3,4,0
3231,1,5,0,3,0,2,1,0,0,3,0,1,1,1,6,0,0,2,1,2,1,5,4
3232,1,5,2,8,0,1,1,1,1,9,0,1,2,2,7,7,0,2,1,4,3,3,0
3233,1,5,0,3,0,2,1,0,0,7,0,1,1,1,4,4,0,2,1,2,1,5,4
3234,0,5,3,3,1,5,1,0,0,5,1,1,2,2,6,6,0,2,1,4,2,5,0
3235,1,5,0,3,0,2,1,0,0,3,0,1,1,1,0,4,0,2,1,2,1,4,1
3236,0,2,3,2,1,5,1,0,0,7,1,1,2,2,7,7,0,2,1,4,3,5,0
3237,0,2,3,3,1,5,1,0,0,7,1,1,2,2,7,6,0,2,1,4,3,5,0
3238,0,5,0,3,1,5,1,0,0,10,1,1,2,2,3,7,0,2,1,4,2,4,0
3239,1,5,0,3,0,2,1,0,0,3,0,1,1,1,0,0,0,2,1,2,1,4,0
3240,0,2,3,3,1,5,1,0,0,7,1,1,2,2,6,7,0,2,1,4,2,5,0
3241,0,2,3,3,1,5,1,0,0,5,1,1,2,2,6,6,0,2,1,4,2,4,0
3242,1,5,2,8,0,1,1,0,1,7,0,1,2,2,7,7,0,2,1,4,2,3,0
3243,1,5,3,9,0,2,1,0,0,2,0,1,1,1,0,4,0,2,1,2,1,5,1
3244,0,2,0,2,1,5,1,0,0,5,1,1,2,2,6,3,0,2,1,4,2,5,0
3245,1,5,0,3,0,2,1,0,0,2,0,1,1,1,6,6,0,2,1,2,1,5,0
3246,1,5,0,3,0,2,1,0,0,2,0,1,1,1,4,4,0,2,1,2,1,5,0
3247,0,5,3,4,1,5,1,0,0,9,1,1,2,2,7,3,0,2,1,4,3,4,0
3248,1,5,0,3,0,2,1,0,0,2,0,1,1,1,0,4,0,2,1,2,1,5,1
3249,0,2,3,4,1,5,1,0,0,9,1,1,2,2,6,3,0,2,1,4,3,5,0
3250,0,2,0,3,1,5,1,0,0,9,1,1,2,2,7,6,0,2,1,4,2,5,0
3251,0,2,3,3,1,5,1,0,0,7,1,1,2,2,3,6,0,2,1,4,3,4,0
3252,0,2,3,3,1,5,1,0,0,9,1,1,2,2,6,6,0,2,1,4,2,5,0
3253,1,5,2,3,0,1,1,1,1,5,0,1,2,2,7,7,0,2,1,4,3,3,0
3254,0,2,0,3,1,5,1,0,0,10,1,1,2,2,6,3,0,2,1,4,2,4,0
3255,0,2,3,2,1,5,1,0,0,5,1,1,2,2,6,3,0,2,1,4,3,4,0
3256,0,2,3,4,1,5,1,0,0,5,1,1,2,2,3,7,0,2,1,4,3,4,0
3257,0,2,3,3,1,5,1,0,0,9,1,1,2,2,3,6,0,2,1,4,2,4,0
3258,1,5,0,5,0,1,1,0,1,2,0,1,2,2,7,7,0,2,1,4,3,4,0
3259,1,5,0,3,0,2,1,0,0,7,0,1,1,1,4,6,0,2,1,2,1,5,1
3260,0,2,3,3,1,5,1,0,0,7,1,1,2,2,3,6,0,2,1,4,2,5,0
3261,0,2,0,3,1,5,1,0,0,9,1,1,2,2,7,3,0,2,1,4,2,5,0
3262,1,5,2,5,0,1,1,1,1,7,0,1,2,2,7,7,0,2,1,4,3,4,0
3263,0,5,3,3,1,5,1,0,0,9,1,1,2,2,7,6,0,2,1,4,3,5,0
3264,1,5,0,3,0,2,1,0,0,3,0,1,1,1,6,4,0,2,1,2,1,5,4
3265,1,5,0,3,0,2,1,0,0,3,0,1,1,1,0,4,0,2,1,2,1,5,4
3266,0,2,3,4,1,5,1,0,0,10,1,1,2,2,6,6,0,2,1,4,3,5,0
3267,0,2,3,4,1,5,1,0,0,7,1,1,2,2,6,7,0,2,1,4,3,4,0
3268,1,5,2,3,0,1,1,0,1,9,0,1,2,2,7,7,0,2,1,4,3,4,0
3269,1,2,0,3,0,2,1,0,0,2,0,1,1,1,4,4,0,2,1,2,1,4,0
3270,1,5,0,5,0,1,1,1,1,7,0,1,2,2,7,7,0,2,1,4,3,3,0
3271,0,2,3,2,1,5,1,0,0,10,1,1,2,2,3,7,0,2,1,4,2,4,0
3272,0,2,3,3,1,5,1,0,0,10,1,1,2,2,7,6,0,2,1,4,2,4,0
3273,0,2,0,2,1,5,1,0,0,5,1,1,2,2,3,6,0,2,1,4,3,5,0
3274,1,5,0,9,0,2,1,0,0,7,0,1,1,1,6,0,0,2,1,2,1,5,1
3275,0,2,0,3,1,5,1,0,0,10,1,1,2,2,3,7,0,2,1,4,2,5,0
3276,1,5,0,8,0,1,1,1,1,7,0,1,2,2,7,7,0,2,1,4,2,4,0
3277,1,5,0,3,0,2,1,0,0,2,0,1,1,1,4,4,0,2,1,2,1,4,0
3278,0,2,0,2,1,5,1,0,0,7,1,1,2,2,6,3,0,2,1,4,3,5,0
3279,0,2,3,3,1,5,1,0,0,10,1,1,2,2,3,6,0,2,1,4,3,5,0
3280,1,5,0,3,0,2,1,0,0,7,0,1,1,1,0,4,0,2,1,2,1,4,4
3281,1,5,0,3,0,2,1,0,0,3,0,1,1,1,4,6,0,2,1,2,1,4,4
3282,1,5,2,5,0,1,1,1,1,7,0,1,2,2,7,7,0,2,1,4,2,4,0
3283,0,5,3,3,1,5,1,0,0,9,1,1,2,2,7,3,0,2,1,4,2,4,0
3284,1,5,0,3,0,2,1,0,0,7,0,1,1,1,0,6,0,2,1,2,1,4,0
3285,0,2,3,4,1,5,1,0,0,10,1,1,2,2,6,3,0,2,1,4,3,5,0
3286,0,5,3,4,1,5,1,0,0,9,1,1,2,2,7,7,0,2,1,4,3,4,0
3287,0,2,3,2,1,5,1,0,0,7,1,1,2,2,3,3,0,2,1,4,3,5,0
3288,0,2,3,3,1,5,1,0,0,7,1,1,2,2,7,3,0,2,1,4,3,5,0
3289,0,2,0,2,1,5,1,0,0,7,1,1,2,2,7,3,0,2,1,4,2,5,0
3290,0,2,3,3,1,5,1,0,0,7,1,1,2,2,3,7,0,2,1,4,2,5,0
3291,0,2,0,3,1,5,1,0,0,10,1,1,2,2,7,3,0,2,1,4,3,5,0
3292,1,5,0,5,0,1,1,1,1,5,0,1,2,2,7,7,0,2,1,4,2,3,0
3293,0,2,0,2,1,5,1,0,0,5,1,1,2,2,3,3,0,2,1,4,3,4,0
3294,0,2,0,2,1,5,1,0,0,9,1,1,2,2,3,7,0,2,1,4,2,4,0
3295,1,5,2,8,0,1,1,1,1,5,0,1,2,2,7,7,0,2,1,4,3,3,0
3296,0,2,0,3,1,5,1,0,0,10,1,1,2,2,3,6,0,2,1,4,2,5,0
3297,0,2,3,4,1,5,1,0,0,5,1,1,2,2,7,7,0,2,1,4,2,4,0
3298,1,5,0,3,0,2,1,0,0,3,0,1,1,1,6,6,0,2,1,2,1,4,1
3299,0,2,0,2,1,5,1,0,0,5,1,1,2,2,7,6,0,2,1,4,3,4,0
3300,1,5,0,3,0,2,1,0,0,3,0,1,1,1,6,6,0,2,1,2,1,5,1
3301,0,2,0,2,1,5,1,0,0,10,1,1,2,2,6,7,0,2,1,4,3,5,0
3302,0,2,3,3,1,5,1,0,0,9,1,1,2,2,6,3,0,2,1,4,3,5,0
3303,0,2,0,3,1,5,1,0,0,10,1,1,2,2,6,3,0,2,1,4,3,4,0
3304,1,5,0,3,0,2,1,0,0,2,0,1,1,1,0,4,0,2,1,2,1,4,1
3305,0,2,3,2,1,5,1,0,0,5,1,1,2,2,3,6,0,2,1,4,3,4,0
3306,1,5,0,8,0,1,1,0,1,7,0,1,2,2,7,7,0,2,1,4,2,3,0
3307,0,2,3,4,1,5,1,0,0,5,1,1,2,2,7,6,0,2,1,4,3,5,0
3308,0,5,3,3,1,5,1,0,0,7,1,1,2,2,6,6,0,2,1,4,2,5,0
3309,0,2,3,4,1,5,1,0,0,9,1,1,2,2,6,6,0,2,1,4,3,5,0
3310,0,2,3,2,1,5,1,0,0,5,1,1,2,2,6,7,0,2,1,4,3,4,0
3311,0,2,3,3,1,5,1,0,0,7,1,1,2,2,6,3,0,2,1,4,3,5,0
3312,0,2,3,2,1,5,1,0,0,9,1,1,2,2,7,3,0,2,1,4,3,4,0
3313,1,5,0,3,0,2,1,0,0,3,0,1,1,1,6,6,0,2,1,2,1,5,0
3314,0,2,3,3,1,5,1,0,0,9,1,1,2,2,7,6,0,2,1,4,2,5,0
3315,0,2,3,3,1,5,1,0,0,10,1,1,2,2,7,3,0,2,1,4,3,4,0
3316,0,2,0,3,1,5,1,0,0,10,1,1,2,2,6,6,0,2,1,4,3,5,0
3317,0,2,3,3,1,5,1,0,0,7,1,1,2,2,6,3,0,2,1,4,3,4,0
3318,0,2,0,2,1,5,1,0,0,7,1,1,2,2,6,3,0,2,1,4,2,5,0
3319,0,2,0,2,1,5,1,0,0,5,1,1,2,2,7,3,0,2,1,4,2,5,0
3320,0,2,3,4,1,5,1,0,0,7,1,1,2,2,3,7,0,2,1,4,3,4,0
3321,0,2,0,4,1,5,1,0,0,10,1,1,2,2,7,6,0,2,1,4,2,4,0
3322,1,5,0,5,0,1,1,0,1,9,0,1,2,2,7,7,0,2,1,4,3,3,0
3323,1,5,0,3,0,2,1,0,0,7,0,1,1,1,4,4,0,2,1,2,1,4,0
3324,0,2,3,3,1,5,1,0,0,5,1,1,2,2,3,7,0,2,1,4,3,4,0
3325,0,2,3,2,1,5,1,0,0,9,1,1,2,2,3,3,0,2,1,4,3,4,0
3326,1,5,2,8,0,1,1,0,1,2,0,1,2,2,7,7,0,2,1,4,2,3,0
3327,1,5,0,5,0,1,1,1,1,2,0,1,2,2,7,7,0,2,1,4,3,4,0
3328,1,5,0,3,0,2,1,0,0,2,0,1,1,1,0,0,0,2,1,2,1,5,4
3329,0,5,0,3,1,5,1,0,0,7,1,1,2,2,7,6,0,2,1,4,2,4,0
3330,0,2,3,2,1,5,1,0,0,9,1,1,2,2,7,6,0,2,1,4,2,4,0
3331,1,5,2,5,0,1,1,1,1,7,0,1,2,2,7,7,0,2,1,4,2,3,0
3332,0,2,3,3,1,5,1,0,0,5,1,1,2,2,3,6,0,2,1,4,3,5,0
3333,0,2,3,4,1,5,1,0,0,5,1,1,2,2,6,6,0,2,1,4,2,5,0
3334,1,5,0,3,0,2,1,0,0,2,0,1,1,1,0,6,0,2,1,2,1,4,1
3335,0,2,3,4,1,5,1,0,0,10,1,1,2,2,3,6,0,2,1,4,2,4,0
3336,0,5,0,2,1,5,1,0,0,7,1,1,2,2,3,3,0,2,1,4,2,5,0
3337,1,5,0,8,0,1,1,1,1,2,0,1,2,2,7,7,0,2,1,4,2,4,0
3338,0,2,3,4,1,5,1,0,0,5,1,1,2,2,6,3,0,2,1,4,3,5,0
3339,1,5,0,3,0,2,1,0,0,2,0,1,1,1,6,4,0,2,1,2,1,4,0
3340,0,2,3,2,1,5,1,0,0,5,1,1,2,2,7,3,0,2,1,4,2,5,0
3341,1,5,0,9,0,2,1,0,0,7,0,1,1,1,4,4,0,2,1,2,1,5,4
3342,0,2,0,3,1,5,1,0,0,9,1,1,2,2,3,3,0,2,1,4,2,4,0
3343,0,5,0,2,1,5,1,0,0,5,1,1,2,2,3,6,0,2,1,4,2,5,0
3344,0,2,3,2,1,5,1,0,0,5,1,1,2,2,6,6,0,2,1,4,3,4,0
3345,0,2,3,3,1,5,1,0,0,9,1,1,2,2,7,3,0,2,1,4,2,4,0
3346,1,5,0,3,0,1,1,1,1,9,0,1,2,2,7,7,0,2,1,4,2,4,0
3347,0,2,3,3,1,5,1,0,0,10,1,1,2,2,7,7,0,2,1,4,3,5,0
3348,0,2,0,2,1,5,1,0,0,5,1,1,2,2,6,7,0,2,1,4,2,4,0
3349,1,5,0,3,0,2,1,0,0,3,0,1,1,1,4,0,0,2,1,2,1,5,4
3350,0,2,3,4,1,5,1,0,0,10,1,1,2,2,3,6,0,2,1,4,3,4,0
3351,1,5,2,3,0,1,1,1,1,2,0,1,2,2,7,7,0,2,1,4,3,3,0
3352,1,5,0,3,0,2,1,0,0,3,0,1,1,1,6,4,0,2,1,2,1,4,1
3353,0,2,0,2,1,5,1,0,0,9,1,1,2,2,7,3,0,2,1,4,2,4,0
3354,0,2,3,4,1,5,1,0,0,9,1,1,2,2,6,7,0,2,1,4,3,4,0
3355,0,2,3,3,1,5,1,0,0,5,1,1,2,2,7,6,0,2,1,4,2,4,0
3356,0,2,0,3,1,5,1,0,0,9,1,1,2,2,7,6,0,2,1,4,3,5,0
3357,1,5,0,8,0,1,1,0,1,7,0,1,2,2,7,7,0,2,1,4,2,4,0
3358,1,5,0,3,0,2,1,0,0,7,0,1,1,1,6,6,0,2,1,2,1,4,1
3359,1,5,0,3,0,1,1,1,1,9,0,1,2,2,7,7,0,2,1,4,3,4,0
3360,0,2,0,2,1,5,1,0,0,5,1,1,2,2,7,7,0,2,1,4,3,4,0
3361,0,2,3,2,1,5,1,0,0,10,1,1,2,2,6,6,0,2,1,4,3,4,0
3362,1,2,3,3,0,2,1,0,0,3,0,1,1,1,0,4,0,2,1,2,1,5,0
3363,1,5,0,3,0,2,1,0,0,3,0,1,1,1,4,4,0,2,1,2,1,5,1
3364,0,2,3,2,1,5,1,0,0,7,1,1,2,2,3,6,0,2,1,4,3,5,0
3365,1,5,0,5,0,1,1,1,1,2,0,1,2,2,7,7,0,2,1,4,3,3,0
3366,1,5,2,3,0,1,1,0,1,9,0,1,2,2,7,7,0,2,1,4,2,3,0
3367,0,2,3,2,1,5,1,0,0,10,1,1,2,2,7,3,0,2,1,4,2,4,0
3368,0,2,0,2,1,5,1,0,0,7,1,1,2,2,3,6,0,2,1,4,3,5,0
3369,0,2,3,2,1,5,1,0,0,10,1,1,2,2,6,3,0,2,1,4,2,5,0
3370,0,2,3,4,1,5,1,0,0,10,1,1,2,2,7,3,0,2,1,4,2,4,0
3371,1,5,2,5,0,1,1,1,1,2,0,1,2,2,7,7,0,2,1,4,3,4,0
3372,1,5,0,3,0,2,1,0,0,7,0,1,1,1,4,4,0,2,1,2,1,5,0
3373,0,2,0,2,1,5,1,0,0,10,1,1,2,2,7,7,0,2,1,4,2,4,0
3374,0,2,3,2,1,5,1,0,0,9,1,1,2,2,7,6,0,2,1,4,3,4,0
3375,0,2,0,3,1,5,1,0,0,9,1,1,2,2,7,3,0,2,1,4,2,4,0
3376,0,2,0,2,1,5,1,0,0,9,1,1,2,2,7,6,0,2,1,4,3,5,0
3377,0,2,3,4,1,5,1,0,0,5,1,1,2,2,3,6,0,2,1,4,3,5,0
3378,0,2,3,2,1,5,1,0,0,10,1,1,2,2,3,3,0,2,1,4,2,4,0
3379,1,2,0,9,0,2,1,0,0,2,0,1,1,1,0,4,0,2,1,2,1,4,4
3380,0,5,0,3,1,5,1,0,0,7,1,1,2,2,7,6,0,2,1,4,2,5,0
3381,1,5,2,5,0,1,1,1,1,7,0,1,2,2,7,7,0,2,1,4,3,3,0
3382,0,5,3,2,1,5,1,0,0,10,1,1,2,2,7,6,0,2,1,4,3,5,0
3383,0,2,0,3,1,5,1,0,0,9,1,1,2,2,3,3,0,2,1,4,2,5,0
3384,0,2,0,2,1,5,1,0,0,9,1,1,2,2,3,7,0,2,1,4,3,4,0
3385,0,5,0,2,1,5,1,0,0,9,1,1,2,2,6,7,0,2,1,4,2,4,0
3386,0,2,3,3,1,5,1,0,0,7,1,1,2,2,7,7,0,2,1,4,2,4,0
3387,0,2,0,2,1,5,1,0,0,5,1,1,2,2,3,7,0,2,1,4,3,4,0
3388,1,5,2,8,0,1,1,1,1,5,0,1,2,2,7,7,0,2,1,4,3,4,0
3389,1,5,3,3,0,2,1,0,0,2,0,1,1,1,6,6,0,2,1,2,1,5,0
3390,1,5,0,5,0,1,1,0,1,5,0,1,2,2,7,7,0,2,1,4,2,4,0
3391,0,2,3,3,1,5,1,0,0,10,1,1,2,2,7,3,0,2,1,4,3,5,0
3392,0,5,3,4,1,5,1,0,0,10,1,1,2,2,3,7,0,2,1,4,3,4,0
3393,1,5,0,3,0,1,1,0,1,5,0,1,2,2,7,7,0,2,1,4,3,3,0
3394,0,2,3,4,1,5,1,0,0,10,1,1,2,2,6,6,0,2,1,4,2,5,0
3395,1,5,0,5,0,1,1,0,1,2,0,1,2,2,7,7,0,2,1,4,2,4,0
3396,0,2,0,2,1,5,1,0,0,5,1,1,2,2,6,7,0,2,1,4,3,5,0
3397,1,5,2,8,0,1,1,1,1,5,0,1,2,2,7,7,0,2,1,4,2,3,0
3398,0,5,3,4,1,5,1,0,0,5,1,1,2,2,3,6,0,2,1,4,3,4,0
3399,1,5,0,3,0,2,1,0,0,2,0,1,1,1,6,4,0,2,1,2,1,5,1
3400,1,5,2,3,0,1,1,0,1,5,0,1,2,2,7,7,0,2,1,4,2,3,0
3401,0,2,3,4,1,5,1,0,0,5,1,1,2,2,3,3,0,2,1,4,3,5,0
3402,1,5,0,3,0,2,1,0,0,2,0,1,1,1,6,6,0,2,1,2,1,5,1
3403,1,5,2,5,0,1,1,0,1,7,0,1,2,2,7,7,0,2,1,4,2,4,0
3404,0,2,3,2,1,5,1,0,0,9,1,1,2,2,6,7,0,2,1,4,2,5,0
3405,1,5,2,3,0,1,1,1,1,7,0,1,2,2,7,7,0,2,1,4,3,3,0
3406,0,5,3,3,1,5,1,0,0,7,1,1,2,2,3,7,0,2,1,4,3,4,0
3407,0,5,3,3,1,5,1,0,0,10,1,1,2,2,6,7,0,2,1,4,2,5,0
3408,0,2,3,4,1,5,1,0,0,5,1,1,2,2,3,7,0,2,1,4,3,5,0
3409,0,2,3,4,1,5,1,0,0,9,1,1,2,2,3,7,0,2,1,4,2,4,0
3410,0,2,0,4,1,5,1,0,0,9,1,1,2,2,3,3,0,2,1,4,3,5,0
3411,1,5,2,3,0,1,1,0,1,5,0,1,2,2,7,7,0,2,1,4,3,3,0
3412,0,2,0,3,1,5,1,0,0,10,1,1,2,2,7,6,0,2,1,4,2,4,0
3413,0,5,0,2,1,5,1,0,0,9,1,1,2,2,6,3,0,2,1,4,3,4,0
3414,0,2,0,3,1,5,1,0,0,10,1,1,2,2,3,7,0,2,1,4,3,5,0
3415,0,2,3,2,1,5,1,0,0,5,1,1,2,2,7,3,0,2,1,4,3,5,0
3416,0,2,3,4,1,5,1,0,0,5,1,1,2,2,6,3,0,2,1,4,2,4,0
3417,1,5,0,3,0,2,1,0,0,2,0,1,1,1,4,6,0,2,1,2,1,5,1
3418,1,5,2,3,0,1,1,0,1,7,0,1,2,2,7,7,0,2,1,4,3,3,0
3419,0,2,3,2,1,5,1,0,0,10,1,1,2,2,3,3,0,2,1,4,2,5,0
3420,0,5,3,3,1,5,1,0,0,10,1,1,2,2,6,7,0,2,1,4,3,5,0
3421,1,5,0,3,0,1,1,1,1,2,0,1,2,2,7,7,0,2,1,4,2,4,0
3422,0,2,3,4,1,5,1,0,0,5,1,1,2,2,7,7,0,2,1,4,2,5,0
3423,0,2,3,3,1,5,1,0,0,5,1,1,2,2,3,7,0,2,1,4,2,5,0
3424,0,2,0,2,1,5,1,0,0,9,1,1,2,2,6,7,0,2,1,4,2,4,0
3425,1,5,0,9,0,2,1,0,0,7,0,1,1,1,4,0,0,2,1,2,1,4,4
3426,1,5,2,3,0,1,1,1,1,7,0,1,2,2,7,7,0,2,1,4,2,4,0
3427,0,2,3,3,1,5,1,0,0,5,1,1,2,2,3,7,0,2,1,4,3,5,0
3428,0,2,3,4,1,5,1,0,0,7,1,1,2,2,3,3,0,2,1,4,3,5,0
3429,0,2,3,4,1,5,1,0,0,9,1,1,2,2,3,3,0,2,1,4,2,5,0
3430,0,2,3,3,1,5,1,0,0,7,1,1,2,2,6,7,0,2,1,4,3,4,0
3431,0,2,3,3,1,5,1,0,0,5,1,1,2,2,6,7,0,2,1,4,2,4,0
3432,1,5,0,3,0,2,1,0,0,2,0,1,1,1,4,4,0,2,1,2,1,4,4
3433,0,2,3,3,1,5,1,0,0,10,1,1,2,2,6,7,0,2,1,4,2,5,0
3434,0,2,0,2,1,5,1,0,0,7,1,1,2,2,3,7,0,2,1,4,3,4,0
3435,1,5,0,3,0,1,1,1,1,2,0,1,2,2,7,7,0,2,1,4,3,4,0
3436,0,2,3,3,1,5,1,0,0,9,1,1,2,2,7,6,0,2,1,4,3,4,0
3437,1,2,3,3,0,2,1,0,0,3,0,1,1,1,6,6,0,2,1,2,1,5,4
3438,0,2,0,2,1,5,1,0,0,9,1,1,2,2,6,3,0,2,1,4,2,5,0
3439,1,5,0,3,0,2,1,0,0,3,0,1,1,1,0,6,0,2,1,2,1,4,4
3440,0,2,3,3,1,5,1,0,0,9,1,1,2,2,7,6,0,2,1,4,2,4,0
3441,1,5,0,5,0,1,1,0,1,5,0,1,2,2,7,7,0,2,1,4,3,3,0
3442,0,2,0,2,1,5,1,0,0,10,1,1,2,2,6,6,0,2,1,4,3,4,0
3443,1,5,0,5,0,1,1,1,1,7,0,1,2,2,7,7,0,2,1,4,3,4,0
3444,1,5,2,8,0,1,1,0,1,9,0,1,2,2,7,7,0,2,1,4,3,3,0
3445,0,2,3,3,1,5,1,0,0,5,1,1,2,2,6,7,0,2,1,4,3,4,0
3446,1,5,2,5,0,1,1,1,1,9,0,1,2,2,7,7,0,2,1,4,3,4,0
3447,1,5,0,3,0,2,1,0,0,2,0,1,1,1,0,0,0,2,1,2,1,5,0
3448,0,5,0,4,1,5,1,0,0,9,1,1,2,2,7,3,0,2,1,4,3,4,0
3449,0,2,3,3,1,5,1,0,0,7,1,1,2,2,6,6,0,2,1,4,2,5,0
3450,0,2,3,2,1,5,1,0,0,9,1,1,2,2,7,7,0,2,1,4,2,5,0
3451,1,5,0,3,0,2,1,0,0,7,0,1,1,1,6,0,0,2,1,2,1,5,1
3452,1,5,0,3,0,1,1,1,1,5,0,1,2,2,7,7,0,2,1,4,3,4,0
3453,1,5,0,3,0,2,1,0,0,2,0,1,1,1,6,0,0,2,1,2,1,4,4
3454,1,5,0,8,0,1,1,1,1,9,0,1,2,2,7,7,0,2,1,4,3,3,0
3455,0,2,3,4,1,5,1,0,0,7,1,1,2,2,3,7,0,2,1,4,2,5,0
3456,0,2,3,3,1,5,1,0,0,7,1,1,2,2,7,7,0,2,1,4,2,5,0
3457,1,5,0,8,0,1,1,1,1,2,0,1,2,2,7,7,0,2,1,4,2,3,0
3458,0,5,3,3,1,5,1,0,0,10,1,1,2,2,3,7,0,2,1,4,2,5,0
3459,0,2,3,4,1,5,1,0,0,10,1,1,2,2,7,6,0,2,1,4,2,4,0
3460,0,2,0,3,1,5,1,0,0,9,1,1,2,2,3,7,0,2,1,4,2,5,0
3461,0,5,3,2,1,5,1,0,0,7,1,1,2,2,6,3,0,2,1,4,2,5,0
3462,0,2,3,2,1,5,1,0,0,5,1,1,2,2,6,3,0,2,1,4,2,5,0
3463,1,5,0,8,0,1,1,1,1,5,0,1,2,2,7,7,0,2,1,4,2,3,0
3464,0,2,0,2,1,5,1,0,0,7,1,1,2,2,3,3,0,2,1,4,3,5,0
3465,1,5,3,9,0,2,1,0,0,3,0,1,1,1,4,6,0,2,1,2,1,5,0
3466,0,2,0,3,1,5,1,0,0,7,1,1,2,2,7,6,0,2,1,4,3,4,0
3467,0,2,3,4,1,5,1,0,0,5,1,1,2,2,6,3,0,2,1,4,3,4,0
3468,1,5,0,3,0,1,1,1,1,7,0,1,2,2,7,7,0,2,1,4,3,4,0
3469,1,5,2,5,0,1,1,0,1,5,0,1,2,2,7,7,0,2,1,4,3,4,0
3470,0,2,0,2,1,5,1,0,0,9,1,1,2,2,3,6,0,2,1,4,3,5,0
3471,0,5,0,3,1,5,1,0,0,7,1,1,2,2,6,6,0,2,1,4,2,4,0
3472,0,2,3,3,1,5,1,0,0,9,1,1,2,2,3,3,0,2,1,4,2,5,0
3473,1,5,0,3,0,2,1,0,0,3,0,1,1,1,4,0,0,2,1,2,1,4,4
3474,0,5,3,4,1,5,1,0,0,9,1,1,2,2,7,7,0,2,1,4,2,4,0
3475,0,2,3,3,1,5,1,0,0,5,1,1,2,2,6,7,0,2,1,4,2,5,0
3476,0,2,0,3,1,5,1,0,0,9,1,1,2,2,3,3,0,2,1,4,3,5,0
3477,1,5,0,3,0,1,1,0,1,7,0,1,2,2,7,7,0,2,1,4,2,3,0
3478,0,2,3,4,1,5,1,0,0,7,1,1,2,2,7,6,0,2,1,4,3,4,0
3479,1,5,0,3,0,2,1,0,0,3,0,1,1,1,6,6,0,2,1,2,1,4,4
3480,0,2,3,3,1,5,1,0,0,9,1,1,2,2,6,6,0,2,1,4,2,4,0
3481,0,2,0,2,1,5,1,0,0,9,1,1,2,2,6,3,0,2,1,4,2,4,0
3482,0,2,0,2,1,5,1,0,0,5,1,1,2,2,7,6,0,2,1,4,2,5,0
3483,1,5,2,8,0,1,1,0,1,9,0,1,2,2,7,7,0,2,1,4,3,4,0
3484,1,5,0,8,0,1,1,1,1,7,0,1,2,2,7,7,0,2,1,4,3,3,0
3485,0,2,0,2,1,5,1,0,0,10,1,1,2,2,6,7,0,2,1,4,2,4,0
3486,0,2,0,2,1,5,1,0,0,7,1,1,2,2,7,7,0,2,1,4,2,4,0
3487,0,2,3,4,1,5,1,0,0,9,1,1,2,2,6,3,0,2,1,4,2,5,0
3488,1,5,0,3,0,2,1,0,0,3,0,1,1,1,4,0,0,2,1,2,1,4,1
3489,0,2,3,3,1,5,1,0,0,10,1,1,2,2,3,3,0,2,1,4,2,5,0
3490,1,5,0,3,0,2,1,0,0,7,0,1,1,1,6,4,0,2,1,2,1,5,4
3491,0,2,0,2,1,5,1,0,0,10,1,1,2,2,3,6,0,2,1,4,3,5,0
3492,1,5,0,3,0,2,1,0,0,3,0,1,1,1,4,6,0,2,1,2,1,4,1
3493,0,2,3,3,1,5,1,0,0,9,1,1,2,2,6,7,0,2,1,4,3,4,0
3494,0,2,0,2,1,5,1,0,0,9,1,1,2,2,7,7,0,2,1,4,2,5,0
3495,0,2,3,4,1,5,1,0,0,10,1,1,2,2,7,7,0,2,1,4,3,4,0
3496,1,5,0,3,0,2,1,0,0,3,0,1,1,1,6,4,0,2,1,2,1,5,0
3497,0,2,0,2,1,5,1,0,0,9,1,1,2,2,3,3,0,2,1,4,2,5,0
3498,0,5,0,3,1,5,1,0,0,7,1,1,2,2,3,3,0,2,1,4,3,4,0
3499,0,2,3,3,1,5,1,0,0,5,1,1,2,2,6,3,0,2,1,4,3,4,0
3500,1,5,0,8,0,1,1,1,1,9,0,1,2,2,7,7,0,2,1,4,2,3,0
3501,0,2,0,2,1,5,1,0,0,7,1,1,2,2,7,6,0,2,1,4,2,5,0
3502,0,2,0,2,1,5,1,0,0,5,1,1,2,2,6,6,0,2,1,4,2,5,0
3503,0,2,3,2,1,5,1,0,0,9,1,1,2,2,7,3,0,2,1,4,3,5,0
3504,0,5,0,2,1,5,1,0,0,5,1,1,2,2,3,6,0,2,1,4,2,4,0
3505,0,2,3,4,1,5,1,0,0,9,1,1,2,2,6,7,0,2,1,4,2,4,0
3506,1,5,0,3,0,2,1,0,0,7,0,1,1,1,6,4,0,2,1,2,1,4,1
3507,0,5,0,3,1,5,1,0,0,5,1,1,2,2,6,7,0,2,1,4,2,4,0
3508,1,5,0,3,0,2,1,0,0,2,0,1,1,1,0,4,0,2,1,2,1,5,0
3509,0,2,3,3,1,5,1,0,0,5,1,1,2,2,3,7,0,2,1,4,2,4,0
3510,0,2,3,4,1,5,1,0,0,7,1,1,2,2,6,6,0,2,1,4,3,5,0
3511,1,5,3,3,0,2,1,0,0,3,0,1,1,1,0,6,0,2,1,2,1,4,0
3512,0,2,3,3,1,5,1,0,0,10,1,1,2,2,7,6,0,2,1,4,3,5,0
3513,1,2,0,3,0,2,1,0,0,7,0,1,1,1,4,6,0,2,1,2,1,4,0
3514,0,2,3,2,1,5,1,0,0,10,1,1,2,2,6,6,0,2,1,4,2,5,0
3515,1,5,2,3,0,1,1,0,1,2,0,1,2,2,7,7,0,2,1,4,3,4,0
3516,0,2,3,2,1,5,1,0,0,9,1,1,2,2,6,7,0,2,1,4,2,4,0
3517,0,2,3,4,1,5,1,0,0,9,1,1,2,2,3,7,0,2,1,4,2,5,0
3518,0,5,0,2,1,5,1,0,0,5,1,1,2,2,3,7,0,2,1,4,2,4,0
3519,0,2,3,2,1,5,1,0,0,5,1,1,2,2,6,7,0,2,1,4,2,4,0
3520,0,2,3,3,1,5,1,0,0,10,1,1,2,2,6,3,0,2,1,4,3,4,0
3521,1,5,2,5,0,1,1,1,1,5,0,1,2,2,7,7,0,2,1,4,2,3,0
3522,1,2,0,3,0,2,1,0,0,3,0,1,1,1,0,6,0,2,1,2,1,4,0
3523,0,2,0,3,1,5,1,0,0,10,1,1,2,2,6,7,0,2,1,4,3,4,0
3524,0,2,0,2,1,5,1,0,0,10,1,1,2,2,7,3,0,2,1,4,3,5,0
3525,1,5,0,5,0,1,1,0,1,9,0,1,2,2,7,7,0,2,1,4,3,4,0
3526,0,2,0,4,1,5,1,0,0,7,1,1,2,2,3,3,0,2,1,4,3,5,0
3527,0,2,3,3,1,5,1,0,0,7,1,1,2,2,6,7,0,2,1,4,2,4,0
3528,0,2,3,2,1,5,1,0,0,7,1,1,2,2,6,7,0,2,1,4,2,5,0
3529,0,2,3,2,1,5,1,0,0,10,1,1,2,2,7,7,0,2,1,4,2,5,0
3530,0,5,0,3,1,5,1,0,0,5,1,1,2,2,6,3,0,2,1,4,3,5,0
3531,1,5,2,8,0,1,1,1,1,7,0,1,2,2,7,7,0,2,1,4,3,4,0
3532,0,2,3,3,1,5,1,0,0,5,1,1,2,2,3,3,0,2,1,4,2,5,0
3533,1,5,3,3,0,2,1,0,0,7,0,1,1,1,0,6,0,2,1,2,1,4,0
3534,0,2,3,4,1,5,1,0,0,7,1,1,2,2,6,7,0,2,1,4,2,4,0
3535,0,2,3,4,1,5,1,0,0,7,1,1,2,2,3,3,0,2,1,4,2,4,0
3536,1,5,2,3,0,1,1,1,1,5,0,1,2,2,7,7,0,2,1,4,2,3,0
3537,0,2,3,3,1,5,1,0,0,7,1,1,2,2,6,7,0,2,1,4,3,5,0
3538,0,2,3,2,1,5,1,0,0,10,1,1,2,2,7,7,0,2,1,4,3,4,0
3539,1,5,0,3,0,2,1,0,0,2,0,1,1,1,6,4,0,2,1,2,1,5,0
3540,0,5,3,4,1,5,1,0,0,10,1,1,2,2,3,6,0,2,1,4,3,5,0
3541,0,2,3,2,1,5,1,0,0,9,1,1,2,2,6,3,0,2,1,4,3,4,0
3542,0,2,0,2,1,5,1,0,0,5,1,1,2,2,6,3,0,2,1,4,2,4,0
3543,1,5,2,5,0,1,1,0,1,5,0,1,2,2,7,7,0,2,1,4,3,3,0
3544,1,5,0,3,0,2,1,0,0,3,0,1,1,1,6,6,0,2,1,2,1,4,0
3545,0,2,3,2,1,5,1,0,0,7,1,1,2,2,6,7,0,2,1,4,2,4,0
3546,0,2,3,3,1,5,1,0,0,7,1,1,2,2,3,7,0,2,1,4,2,4,0
3547,1,5,2,5,0,1,1,0,1,7,0,1,2,2,7,7,0,2,1,4,3,4,0
3548,0,2,0,3,1,5,1,0,0,9,1,1,2,2,7,3,0,2,1,4,3,5,0
3549,0,2,0,2,1,5,1,0,0,5,1,1,2,2,7,7,0,2,1,4,2,5,0
3550,0,2,0,4,1,5,1,0,0,9,1,1,2,2,3,7,0,2,1,4,2,4,0
3551,0,5,3,3,1,5,1,0,0,5,1,1,2,2,7,7,0,2,1,4,3,4,0
3552,0,5,3,4,1,5,1,0,0,10,1,1,2,2,7,6,0,2,1,4,3,5,0
3553,0,2,3,4,1,5,1,0,0,9,1,1,2,2,3,6,0,2,1,4,3,5,0
3554,1,5,0,5,0,1,1,0,1,7,0,1,2,2,7,7,0,2,1,4,2,4,0
3555,0,2,0,2,1,5,1,0,0,7,1,1,2,2,7,6,0,2,1,4,2,4,0
3556,1,5,3,9,0,2,1,0,0,7,0,1,1,1,4,4,0,2,1,2,1,5,0
3557,1,5,2,3,0,1,1,1,1,7,0,1,2,2,7,7,0,2,1,4,3,4,0
3558,0,2,3,4,1,5,1,0,0,10,1,1,2,2,7,7,0,2,1,4,2,4,0
3559,1,2,0,3,0,2,1,0,0,7,0,1,1,1,4,4,0,2,1,2,1,4,0
3560,1,5,0,3,0,1,1,1,1,5,0,1,2,2,7,7,0,2,1,4,2,3,0
3561,0,2,3,3,1,5,1,0,0,7,1,1,2,2,6,3,0,2,1,4,2,5,0
3562,0,2,3,3,1,5,1,0,0,9,1,1,2,2,3,3,0,2,1,4,2,4,0
3563,0,2,3,3,1,5,1,0,0,10,1,1,2,2,3,6,0,2,1,4,3,4,0
3564,0,5,3,4,1,5,1,0,0,10,1,1,2,2,3,7,0,2,1,4,3,5,0
3565,1,5,0,9,0,2,1,0,0,7,0,1,1,1,0,4,0,2,1,2,1,4,1
3566,0,2,0,3,1,5,1,0,0,9,1,1,2,2,3,7,0,2,1,4,3,5,0
3567,1,5,0,3,0,2,1,0,0,7,0,1,1,1,0,6,0,2,1,2,1,4,4
3568,0,2,3,2,1,5,1,0,0,9,1,1,2,2,3,7,0,2,1,4,3,4,0
3569,0,2,0,2,1,5,1,0,0,10,1,1,2,2,6,3,0,2,1,4,3,5,0
3570,1,2,0,3,0,2,1,0,0,7,0,1,1,1,4,6,0,2,1,2,1,5,0
3571,0,2,0,2,1,5,1,0,0,7,1,1,2,2,6,3,0,2,1,4,2,4,0
3572,1,5,0,9,0,2,1,0,0,2,0,1,1,1,6,4,0,2,1,2,1,5,4
3573,0,2,0,2,1,5,1,0,0,9,1,1,2,2,3,3,0,2,1,4,3,4,0
3574,0,2,0,3,1,5,1,0,0,9,1,1,2,2,7,7,0,2,1,4,3,4,0
3575,0,2,0,2,1,5,1,0,0,7,1,1,2,2,3,3,0,2,1,4,2,4,0
3576,0,2,3,2,1,5,1,0,0,5,1,1,2,2,7,7,0,2,1,4,3,4,0
3577,0,2,3,2,1,5,1,0,0,5,1,1,2,2,3,7,0,2,1,4,2,5,0
3578,0,2,3,4,1,5,1,0,0,5,1,1,2,2,3,6,0,2,1,4,3,4,0
3579,0,2,0,3,1,5,1,0,0,10,1,1,2,2,3,3,0,2,1,4,3,4,0
3580,0,2,0,2,1,5,1,0,0,7,1,1,2,2,6,7,0,2,1,4,3,4,0
3581,1,5,0,3,0,2,1,0,0,2,0,1,1,1,0,0,0,2,1,2,1,4,1
3582,0,2,3,4,1,5,1,0,0,9,1,1,2,2,7,3,0,2,1,4,2,5,0
3583,1,5,0,3,0,1,1,0,1,5,0,1,2,2,7,7,0,2,1,4,2,4,0
3584,0,2,3,4,1,5,1,0,0,10,1,1,2,2,3,7,0,2,1,4,3,4,0
3585,0,2,3,3,1,5,1,0,0,10,1,1,2,2,7,3,0,2,1,4,2,4,0
3586,0,5,0,2,1,5,1,0,0,7,1,1,2,2,6,3,0,2,1,4,2,5,0
3587,0,2,3,2,1,5,1,0,0,7,1,1,2,2,6,6,0,2,1,4,2,5,0
3588,0,2,0,3,1,5,1,0,0,7,1,1,2,2,6,6,0,2,1,4,3,4,0
3589,0,5,3,3,1,5,1,0,0,7,1,1,2,2,3,3,0,2,1,4,3,4,0
3590,1,5,0,5,0,1,1,0,1,2,0,1,2,2,7,7,0,2,1,4,2,3,0
3591,0,5,3,4,1,5,1,0,0,5,1,1,2,2,6,6,0,2,1,4,3,5,0
3592,0,2,3,4,1,5,1,0,0,5,1,1,2,2,7,3,0,2,1,4,2,4,0
3593,0,2,3,3,1,5,1,0,0,10,1,1,2,2,6,3,0,2,1,4,2,5,0
3594,1,2,0,3,0,2,1,0,0,2,0,1,1,1,4,4,0,2,1,2,1,5,1
3595,0,2,3,3,1,5,1,0,0,10,1,1,2,2,6,6,0,2,1,4,3,4,0
3596,0,2,3,2,1,5,1,0,0,5,1,1,2,2,3,3,0,2,1,4,2,5,0
3597,1,5,0,3,0,2,1,0,0,2,0,1,1,1,6,0,0,2,1,2,1,5,1
3598,0,2,3,4,1,5,1,0,0,5,1,1,2,2,6,3,0,2,1,4,2,5,0
3599,1,5,0,3,0,2,1,0,0,3,0,1,1,1,6,0,0,2,1,2,1,4,1
3600,0,2,0,2,1,5,1,0,0,10,1,1,2,2,7,6,0,2,1,4,2,5,0
3601,0,5,3,4,1,5,1,0,0,10,1,1,2,2,3,7,0,2,1,4,2,5,0
3602,0,5,3,3,1,5,1,0,0,7,1,1,2,2,6,7,0,2,1,4,2,5,0
3603,0,2,3,2,1,5,1,0,0,9,1,1,2,2,7,3,0,2,1,4,2,4,0
3604,1,5,3,3,0,2,1,0,0,7,0,1,1,1,0,4,0,2,1,2,1,4,0
3605,1,5,2,3,0,1,1,0,1,2,0,1,2,2,7,7,0,2,1,4,2,4,0
3606,1,5,0,3,0,2,1,0,0,7,0,1,1,1,0,4,0,2,1,2,1,4,1
3607,1,5,0,3,0,2,1,0,0,7,0,1,1,1,0,0,0,2,1,2,1,4,4
3608,1,2,0,3,0,2,1,0,0,7,0,1,1,1,0,0,0,2,1,2,1,5,4
3609,0,2,0,3,1,5,1,0,0,9,1,1,2,2,7,7,0,2,1,4,2,4,0
3610,1,5,0,3,0,2,1,0,0,2,0,1,1,1,0,4,0,2,1,2,1,4,0
3611,0,2,3,2,1,5,1,0,0,7,1,1,2,2,7,6,0,2,1,4,2,4,0
3612,0,2,3,4,1,5,1,0,0,10,1,1,2,2,6,3,0,2,1,4,3,4,0
3613,0,2,3,4,1,5,1,0,0,5,1,1,2,2,7,3,0,2,1,4,2,5,0
3614,1,5,3,9,0,2,1,0,0,7,0,1,1,1,4,0,0,2,1,2,1,5,0
3615,0,2,3,3,1,5,1,0,0,5,1,1,2,2,7,7,0,2,1,4,2,5,0
3616,1,5,0,5,0,1,1,1,1,9,0,1,2,2,7,7,0,2,1,4,3,3,0
3617,0,2,0,2,1,5,1,0,0,10,1,1,2,2,7,7,0,2,1,4,3,5,0
3618,0,2,3,4,1,5,1,0,0,5,1,1,2,2,3,6,0,2,1,4,2,5,0
3619,0,5,3,4,1,5,1,0,0,5,1,1,2,2,7,3,0,2,1,4,2,4,0
3620,0,2,0,2,1,5,1,0,0,7,1,1,2,2,7,7,0,2,1,4,3,5,0
3621,1,5,0,3,0,2,1,0,0,3,0,1,1,1,6,4,0,2,1,2,1,5,1
3622,1,5,0,3,0,2,1,0,0,3,0,1,1,1,6,4,0,2,1,2,1,4,4
3623,0,2,0,3,1,5,1,0,0,5,1,1,2,2,6,3,0,2,1,4,2,4,0
3624,0,5,0,4,1,5,1,0,0,9,1,1,2,2,6,7,0,2,1,4,3,4,0
3625,1,5,0,3,0,2,1,0,0,7,0,1,1,1,6,6,0,2,1,2,1,4,0
3626,0,2,0,3,1,5,1,0,0,10,1,1,2,2,6,3,0,2,1,4,3,5,0
3627,1,5,0,5,0,1,1,0,1,2,0,1,2,2,7,7,0,2,1,4,3,3,0
3628,0,2,3,4,1,5,1,0,0,5,1,1,2,2,7,7,0,2,1,4,3,4,0
3629,0,2,3,3,1,5,1,0,0,5,1,1,2,2,3,6,0,2,1,4,2,5,0
3630,1,5,0,3,0,2,1,0,0,2,0,1,1,1,4,4,0,2,1,2,1,5,4
3631,0,5,0,2,1,5,1,0,0,10,1,1,2,2,3,3,0,2,1,4,2,5,0
3632,1,5,2,3,0,1,1,1,1,9,0,1,2,2,7,7,0,2,1,4,2,3,0
3633,1,5,0,3,0,2,1,0,0,3,0,1,1,1,0,6,0,2,1,2,1,4,1
3634,0,2,3,4,1,5,1,0,0,5,1,1,2,2,7,6,0,2,1,4,3,4,0
3635,1,5,0,3,0,2,1,0,0,2,0,1,1,1,4,0,0,2,1,2,1,4,0
3636,0,2,3,2,1,5,1,0,0,7,1,1,2,2,6,3,0,2,1,4,2,4,0
3637,0,2,0,3,1,5,1,0,0,9,1,1,2,2,6,7,0,2,1,4,3,5,0
3638,0,2,0,3,1,5,1,0,0,10,1,1,2,2,3,6,0,2,1,4,3,5,0
3639,0,2,3,4,1,5,1,0,0,10,1,1,2,2,7,6,0,2,1,4,3,5,0
3640,0,2,3,2,1,5,1,0,0,9,1,1,2,2,7,6,0,2,1,4,3,5,0
3641,0,2,3,3,1,5,1,0,0,7,1,1,2,2,3,3,0,2,1,4,2,5,0
3642,0,2,3,2,1,5,1,0,0,9,1,1,2,2,7,3,0,2,1,4,2,5,0
3643,0,2,3,4,1,5,1,0,0,5,1,1,2,2,6,7,0,2,1,4,2,5,0
3644,1,5,3,9,0,2,1,0,0,7,0,1,1,1,6,4,0,2,1,2,1,5,1
3645,0,2,0,3,1,5,1,0,0,9,1,1,2,2,6,6,0,2,1,4,2,5,0
3646,0,2,3,4,1,5,1,0,0,9,1,1,2,2,3,7,0,2,1,4,3,4,0
3647,1,5,0,3,0,2,1,0,0,2,0,1,1,1,4,0,0,2,1,2,1,5,1
3648,1,5,0,3,0,2,1,0,0,7,0,1,1,1,6,0,0,2,1,2,1,4,0
3649,1,5,0,3,0,2,1,0,0,7,0,1,1,1,0,4,0,2,1,2,1,5,4
3650,0,2,3,2,1,5,1,0,0,9,1,1,2,2,3,6,0,2,1,4,3,5,0
3651,0,2,3,4,1,5,1,0,0,7,1,1,2,2,7,6,0,2,1,4,2,4,0
3652,1,5,3,3,0,2,1,0,0,7,0,1,1,1,4,4,0,2,1,2,1,5,0
3653,1,5,0,3,0,2,1,0,0,7,0,1,1,1,6,0,0,2,1,2,1,4,4
3654,1,2,3,3,0,2,1,0,0,7,0,1,1,1,0,0,0,2,1,2,1,4,4
3655,0,2,3,4,1,5,1,0,0,10,1,1,2,2,6,7,0,2,1,4,3,4,0
3656,1,5,0,3,0,1,1,1,1,5,0,1,2,2,7,7,0,2,1,4,3,3,0
3657,0,2,0,2,1,5,1,0,0,5,1,1,2,2,6,6,0,2,1,4,3,4,0
3658,1,2,0,9,0,2,1,0,0,3,0,1,1,1,4,0,0,2,1,2,1,5,0
3659,0,2,3,4,1,5,1,0,0,9,1,1,2,2,3,6,0,2,1,4,3,4,0
3660,0,5,3,2,1,5,1,0,0,9,1,1,2,2,7,6,0,2,1,4,2,5,0
3661,1,5,0,3,0,2,1,0,0,3,0,1,1,1,0,0,0,2,1,2,1,5,4
3662,0,5,3,4,1,5,1,0,0,7,1,1,2,2,7,7,0,2,1,4,2,5,0
3663,1,5,2,8,0,1,1,0,1,2,0,1,2,2,7,7,0,2,1,4,3,4,0
3664,0,2,3,3,1,5,1,0,0,7,1,1,2,2,7,3,0,2,1,4,2,4,0
3665,0,2,0,2,1,5,1,0,0,7,1,1,2,2,6,6,0,2,1,4,3,4,0
3666,0,2,3,3,1,5,1,0,0,7,1,1,2,2,6,6,0,2,1,4,3,5,0
3667,1,5,0,3,0,2,1,0,0,2,0,1,1,1,6,0,0,2,1,2,1,4,0
3668,0,2,3,2,1,5,1,0,0,9,1,1,2,2,7,7,0,2,1,4,3,4,0
3669,0,2,3,2,1,5,1,0,0,7,1,1,2,2,7,3,0,2,1,4,3,5,0
3670,1,5,2,5,0,1,1,0,1,2,0,1,2,2,7,7,0,2,1,4,2,3,0
3671,0,2,0,2,1,5,1,0,0,9,1,1,2,2,7,7,0,2,1,4,2,4,0
3672,0,2,0,3,1,5,1,0,0,9,1,1,2,2,3,6,0,2,1,4,2,5,0
3673,0,2,0,3,1,5,1,0,0,10,1,1,2,2,7,7,0,2,1,4,3,5,0
3674,0,2,0,3,1,5,1,0,0,9,1,1,2,2,3,6,0,2,1,4,3,4,0
3675,1,5,0,3,0,2,1,0,0,3,0,1,1,1,0,0,0,2,1,2,1,4,4
3676,0,2,3,4,1,5,1,0,0,7,1,1,2,2,6,3,0,2,1,4,3,5,0
3677,0,2,3,3,1,5,1,0,0,5,1,1,2,2,7,3,0,2,1,4,2,4,0
3678,0,2,3,4,1,5,1,0,0,9,1,1,2,2,6,6,0,2,1,4,2,5,0
3679,1,5,2,5,0,1,1,0,1,5,0,1,2,2,7,7,0,2,1,4,2,3,0
3680,0,2,3,2,1,5,1,0,0,5,1,1,2,2,6,6,0,2,1,4,2,5,0
3681,0,2,3,3,1,5,1,0,0,7,1,1,2,2,3,6,0,2,1,4,2,4,0
3682,0,2,3,2,1,5,1,0,0,5,1,1,2,2,7,6,0,2,1,4,2,5,0
3683,1,5,2,8,0,1,1,0,1,9,0,1,2,2,7,7,0,2,1,4,2,3,0
3684,1,5,0,3,0,2,1,0,0,3,0,1,1,1,4,4,0,2,1,2,1,4,4
3685,0,2,3,4,1,5,1,0,0,10,1,1,2,2,7,6,0,2,1,4,3,4,0
3686,1,5,0,3,0,2,1,0,0,2,0,1,1,1,6,6,0,2,1,2,1,4,1
3687,1,5,0,8,0,1,1,0,1,5,0,1,2,2,7,7,0,2,1,4,3,3,0
3688,0,2,3,4,1,5,1,0,0,10,1,1,2,2,3,3,0,2,1,4,2,5,0
3689,0,2,3,3,1,5,1,0,0,7,1,1,2,2,7,7,0,2,1,4,3,4,0
3690,0,2,3,3,1,5,1,0,0,5,1,1,2,2,7,7,0,2,1,4,3,4,0
3691,0,2,3,3,1,5,1,0,0,10,1,1,2,2,7,6,0,2,1,4,3,4,0
3692,1,5,0,8,0,1,1,1,1,7,0,1,2,2,7,7,0,2,1,4,3,4,0
3693,0,2,0,2,1,5,1,0,0,9,1,1,2,2,7,7,0,2,1,4,3,4,0
3694,1,5,0,3,0,2,1,0,0,2,0,1,1,1,6,0,0,2,1,2,1,4,1
3695,0,2,3,4,1,5,1,0,0,10,1,1,2,2,3,7,0,2,1,4,3,5,0
3696,0,2,3,4,1,5,1,0,0,7,1,1,2,2,6,3,0,2,1,4,3,4,0
3697,1,5,2,5,0,1,1,0,1,9,0,1,2,2,7,7,0,2,1,4,2,4,0
3698,0,2,3,3,1,5,1,0,0,5,1,1,2,2,7,3,0,2,1,4,3,5,0
3699,1,5,2,5,0,1,1,0,1,2,0,1,2,2,7,7,0,2,1,4,3,4,0
3700,0,5,3,4,1,5,1,0,0,5,1,1,2,2,7,6,0,2,1,4,3,5,0
3701,1,5,3,3,0,2,1,0,0,7,0,1,1,1,0,0,0,2,1,2,1,5,1
3702,0,2,3,2,1,5,1,0,0,10,1,1,2,2,3,7,0,2,1,4,2,5,0
3703,1,5,0,5,0,1,1,0,1,7,0,1,2,2,7,7,0,2,1,4,3,3,0
3704,1,5,0,3,0,2,1,0,0,7,0,1,1,1,6,4,0,2,1,2,1,4,4
3705,0,2,0,2,1,5,1,0,0,9,1,1,2,2,7,3,0,2,1,4,3,5,0
3706,0,2,0,2,1,5,1,0,0,10,1,1,2,2,3,7,0,2,1,4,2,5,0
3707,1,5,0,3,0,1,1,0,1,9,0,1,2,2,7,7,0,2,1,4,3,3,0
3708,1,5,0,3,0,2,1,0,0,7,0,1,1,1,4,4,0,2,1,2,1,4,1
3709,0,2,3,3,1,5,1,0,0,5,1,1,2,2,7,7,0,2,1,4,3,5,0
3710,1,5,0,3,0,2,1,0,0,7,0,1,1,1,4,0,0,2,1,2,1,4,0
3711,0,2,0,2,1,5,1,0,0,10,1,1,2,2,6,6,0,2,1,4,2,4,0
3712,0,2,3,4,1,5,1,0,0,9,1,1,2,2,7,6,0,2,1,4,2,4,0
3713,1,2,3,9,0,2,1,0,0,3,0,1,1,1,0,4,0,2,1,2,1,5,0
3714,0,2,3,2,1,5,1,0,0,5,1,1,2,2,7,7,0,2,1,4,2,5,0
3715,0,2,3,2,1,5,1,0,0,7,1,1,2,2,7,7,0,2,1,4,2,4,0
3716,0,2,3,4,1,5,1,0,0,10,1,1,2,2,3,3,0,2,1,4,3,5,0
3717,0,5,0,4,1,5,1,0,0,10,1,1,2,2,3,6,0,2,1,4,2,4,0
3718,1,2,3,3,0,2,1,0,0,2,0,1,1,1,6,0,0,2,1,2,1,4,0
3719,0,2,3,3,1,5,1,0,0,9,1,1,2,2,3,7,0,2,1,4,3,4,0
3720,0,2,0,2,1,5,1,0,0,10,1,1,2,2,6,7,0,2,1,4,2,5,0
3721,0,2,3,4,1,5,1,0,0,7,1,1,2,2,6,6,0,2,1,4,3,4,0
3722,0,5,3,3,1,5,1,0,0,7,1,1,2,2,6,7,0,2,1,4,3,5,0
3723,0,5,3,4,1,5,1,0,0,10,1,1,2,2,3,7,0,2,1,4,2,4,0
3724,1,5,0,3,0,2,1,0,0,7,0,1,1,1,0,0,0,2,1,2,1,4,0
3725,1,5,2,8,0,1,1,1,1,2,0,1,2,2,7,7,0,2,1,4,3,4,0
3726,1,2,0,9,0,2,1,0,0,2,0,1,1,1,4,0,0,2,1,2,1,4,4
3727,0,2,3,4,1,5,1,0,0,9,1,1,2,2,6,3,0,2,1,4,3,4,0
3728,0,2,3,2,1,5,1,0,0,7,1,1,2,2,6,3,0,2,1,4,2,5,0
3729,0,2,0,2,1,5,1,0,0,9,1,1,2,2,6,3,0,2,1,4,3,5,0
3730,0,2,0,2,1,5,1,0,0,10,1,1,2,2,6,6,0,2,1,4,3,5,0
3731,0,2,3,2,1,5,1,0,0,10,1,1,2,2,3,6,0,2,1,4,3,4,0
3732,0,2,3,4,1,5,1,0,0,5,1,1,2,2,3,3,0,2,1,4,2,5,0
3733,0,2,3,2,1,5,1,0,0,5,1,1,2,2,7,3,0,2,1,4,2,4,0
3734,1,5,3,3,0,2,1,0,0,3,0,1,1,1,4,4,0,2,1,2,1,5,1
3735,0,2,3,2,1,5,1,0,0,10,1,1,2,2,6,6,0,2,1,4,3,5,0
3736,0,2,3,4,1,5,1,0,0,7,1,1,2,2,7,7,0,2,1,4,3,5,0
3737,1,5,0,3,0,2,1,0,0,7,0,1,1,1,6,4,0,2,1,2,1,4,0
3738,1,5,0,8,0,1,1,1,1,7,0,1,2,2,7,7,0,2,1,4,2,3,0
3739,1,5,0,3,0,1,1,1,1,7,0,1,2,2,7,7,0,2,1,4,2,4,0
3740,0,5,3,4,1,5,1,0,0,9,1,1,2,2,7,3,0,2,1,4,3,5,0
3741,1,2,0,9,0,2,1,0,0,3,0,1,1,1,6,6,0,2,1,2,1,4,4
3742,1,5,2,3,0,1,1,1,1,5,0,1,2,2,7,7,0,2,1,4,3,4,0
3743,0,2,3,2,1,5,1,0,0,10,1,1,2,2,3,7,0,2,1,4,3,4,0
3744,0,2,3,2,1,5,1,0,0,9,1,1,2,2,7,7,0,2,1,4,3,5,0
3745,0,2,0,2,1,5,1,0,0,7,1,1,2,2,3,6,0,2,1,4,2,4,0
3746,1,5,0,9,0,2,1,0,0,7,0,1,1,1,0,4,0,2,1,2,1,4,0
3747,0,2,3,4,1,5,1,0,0,9,1,1,2,2,3,3,0,2,1,4,3,4,0
3748,0,2,0,2,1,5,1,0,0,10,1,1,2,2,7,7,0,2,1,4,3,4,0
3749,0,2,3,2,1,5,1,0,0,9,1,1,2,2,6,7,0,2,1,4,3,4,0
3750,1,5,0,9,0,2,1,0,0,7,0,1,1,1,6,6,0,2,1,2,1,4,4
3751,1,5,0,3,0,1,1,0,1,5,0,1,2,2,7,7,0,2,1,4,3,4,0
3752,0,2,0,2,1,5,1,0,0,9,1,1,2,2,7,6,0,2,1,4,2,4,0
3753,1,5,2,3,0,1,1,0,1,2,0,1,2,2,7,7,0,2,1,4,3,3,0
3754,1,5,0,8,0,1,1,0,1,9,0,1,2,2,7,7,0,2,1,4,3,4,0
3755,1,5,0,3,0,2,1,0,0,3,0,1,1,1,6,0,0,2,1,2,1,5,1
3756,0,2,3,3,1,5,1,0,0,5,1,1,2,2,7,6,0,2,1,4,3,4,0
3757,0,2,0,2,1,5,1,0,0,5,1,1,2,2,3,3,0,2,1,4,2,4,0
3758,1,2,0,9,0,2,1,0,0,7,0,1,1,1,0,6,0,2,1,2,1,5,4
3759,0,2,0,2,1,5,1,0,0,9,1,1,2,2,3,7,0,2,1,4,2,5,0
3760,0,2,3,2,1,5,1,0,0,10,1,1,2,2,7,6,0,2,1,4,3,4,0
3761,0,2,0,3,1,5,1,0,0,9,1,1,2,2,6,7,0,2,1,4,3,4,0
3762,0,2,3,2,1,5,1,0,0,5,1,1,2,2,3,7,0,2,1,4,3,5,0
3763,0,2,0,3,1,5,1,0,0,9,1,1,2,2,7,6,0,2,1,4,2,4,0
3764,0,2,3,4,1,5,1,0,0,9,1,1,2,2,7,6,0,2,1,4,2,5,0
3765,0,2,3,2,1,5,1,0,0,10,1,1,2,2,6,7,0,2,1,4,2,4,0
3766,0,2,3,4,1,5,1,0,0,10,1,1,2,2,3,3,0,2,1,4,3,4,0
3767,0,2,0,2,1,5,1,0,0,5,1,1,2,2,6,6,0,2,1,4,3,5,0
3768,0,2,3,2,1,5,1,0,0,10,1,1,2,2,7,6,0,2,1,4,3,5,0
3769,0,2,0,3,1,5,1,0,0,10,1,1,2,2,7,3,0,2,1,4,2,5,0
3770,0,5,0,3,1,5,1,0,0,7,1,1,2,2,6,7,0,2,1,4,3,5,0
3771,0,2,3,4,1,5,1,0,0,7,1,1,2,2,7,6,0,2,1,4,3,5,0
3772,0,2,3,4,1,5,1,0,0,7,1,1,2,2,3,6,0,2,1,4,3,4,0
3773,0,5,0,2,1,5,1,0,0,5,1,1,2,2,3,7,0,2,1,4,2,5,0
3774,0,2,0,4,1,5,1,0,0,7,1,1,2,2,7,6,0,2,1,4,2,5,0
3775,1,5,0,3,0,2,1,0,0,3,0,1,1,1,4,4,0,2,1,2,1,5,4
3776,0,2,3,2,1,5,1,0,0,7,1,1,2,2,7,6,0,2,1,4,3,5,0
3777,0,5,3,3,1,5,1,0,0,5,1,1,2,2,7,3,0,2,1,4,2,5,0
3778,0,2,3,4,1,5,1,0,0,10,1,1,2,2,6,6,0,2,1,4,3,4,0
3779,0,2,3,4,1,5,1,0,0,10,1,1,2,2,3,6,0,2,1,4,2,5,0
3780,0,2,3,3,1,5,1,0,0,10,1,1,2,2,6,3,0,2,1,4,3,5,0
3781,1,5,0,3,0,2,1,0,0,3,0,1,1,1,6,4,0,2,1,2,1,4,0
3782,0,2,0,2,1,5,1,0,0,10,1,1,2,2,6,7,0,2,1,4,3,4,0
3783,1,2,0,3,0,2,1,0,0,2,0,1,1,1,6,0,0,2,1,2,1,4,0
3784,0,2,3,3,1,5,1,0,0,9,1,1,2,2,6,6,0,2,1,4,3,5,0
3785,0,2,3,3,1,5,1,0,0,5,1,1,2,2,3,3,0,2,1,4,3,4,0
3786,0,2,0,3,1,5,1,0,0,9,1,1,2,2,6,7,0,2,1,4,2,5,0
3787,1,2,0,9,0,2,1,0,0,3,0,1,1,1,6,0,0,2,1,2,1,4,4
3788,0,5,3,4,1,5,1,0,0,5,1,1,2,2,3,7,0,2,1,4,3,4,0
3789,0,2,3,3,1,5,1,0,0,7,1,1,2,2,3,3,0,2,1,4,3,5,0
3790,1,2,0,3,0,2,1,0,0,3,0,1,1,1,0,4,0,2,1,2,1,4,0
3791,0,2,3,4,1,5,1,0,0,10,1,1,2,2,3,7,0,2,1,4,2,4,0
3792,1,5,0,3,0,1,1,1,1,9,0,1,2,2,7,7,0,2,1,4,2,3,0
3793,0,2,3,2,1,5,1,0,0,10,1,1,2,2,6,7,0,2,1,4,3,5,0
3794,1,5,2,8,0,1,1,1,1,2,0,1,2,2,7,7,0,2,1,4,2,3,0
3795,0,2,3,4,1,5,1,0,0,5,1,1,2,2,7,6,0,2,1,4,2,4,0
3796,1,5,2,8,0,1,1,0,1,5,0,1,2,2,7,7,0,2,1,4,3,4,0
3797,0,2,3,2,1,5,1,0,0,7,1,1,2,2,6,6,0,2,1,4,3,5,0
3798,0,2,0,3,1,5,1,0,0,9,1,1,2,2,7,3,0,2,1,4,3,4,0
3799,0,2,0,2,1,5,1,0,0,7,1,1,2,2,6,7,0,2,1,4,2,5,0
3800,0,2,3,2,1,5,1,0,0,10,1,1,2,2,3,7,0,2,1,4,3,5,0
3801,1,5,2,3,0,1,1,0,1,7,0,1,2,2,7,7,0,2,1,4,2,3,0
3802,0,2,3,2,1,5,1,0,0,5,1,1,2,2,6,7,0,2,1,4,2,5,0
3803,0,2,3,2,1,5,1,0,0,5,1,1,2,2,3,3,0,2,1,4,2,4,0
3804,1,5,0,5,0,1,1,1,1,5,0,1,2,2,7,7,0,2,1,4,2,4,0
3805,0,2,0,2,1,5,1,0,0,9,1,1,2,2,6,6,0,2,1,4,2,5,0
3806,1,5,2,5,0,1,1,0,1,9,0,1,2,2,7,7,0,2,1,4,3,4,0
3807,0,2,0,2,1,5,1,0,0,10,1,1,2,2,6,3,0,2,1,4,2,5,0
3808,1,2,0,3,0,2,1,0,0,2,0,1,1,1,0,6,0,2,1,2,1,5,1
3809,0,2,3,3,1,5,1,0,0,7,1,1,2,2,3,6,0,2,1,4,3,5,0
3810,1,5,0,3,0,2,1,0,0,3,0,1,1,1,4,6,0,2,1,2,1,5,1
3811,0,2,3,4,1,5,1,0,0,5,1,1,2,2,6,6,0,2,1,4,2,4,0
3812,0,2,3,2,1,5,1,0,0,9,1,1,2,2,6,6,0,2,1,4,3,4,0
3813,0,2,3,4,1,5,1,0,0,9,1,1,2,2,6,6,0,2,1,4,2,4,0
3814,1,5,2,5,0,1,1,1,1,2,0,1,2,2,7,7,0,2,1,4,2,3,0
3815,1,5,3,3,0,2,1,0,0,3,0,1,1,1,4,6,0,2,1,2,1,5,4
3816,0,2,0,2,1,5,1,0,0,7,1,1,2,2,3,6,0,2,1,4,3,4,0
3817,0,2,0,3,1,5,1,0,0,10,1,1,2,2,7,7,0,2,1,4,2,4,0
3818,0,2,3,3,1,5,1,0,0,5,1,1,2,2,7,7,0,2,1,4,2,4,0
3819,0,2,3,2,1,5,1,0,0,7,1,1,2,2,3,7,0,2,1,4,3,5,0
3820,0,2,3,2,1,5,1,0,0,9,1,1,2,2,7,7,0,2,1,4,2,4,0
3821,0,5,0,3,1,5,1,0,0,5,1,1,2,2,7,6,0,2,1,4,3,5,0
3822,1,5,0,3,0,2,1,0,0,2,0,1,1,1,4,6,0,2,1,2,1,5,0
3823,0,5,3,4,1,5,1,0,0,9,1,1,2,2,3,6,0,2,1,4,3,5,0
3824,0,2,3,2,1,5,1,0,0,9,1,1,2,2,7,6,0,2,1,4,2,5,0
3825,0,2,0,2,1,5,1,0,0,5,1,1,2,2,6,7,0,2,1,4,2,5,0
3826,1,5,0,8,0,1,1,0,1,5,0,1,2,2,7,7,0,2,1,4,2,4,0
3827,0,2,3,2,1,5,1,0,0,7,1,1,2,2,3,6,0,2,1,4,2,5,0
3828,0,2,3,3,1,5,1,0,0,7,1,1,2,2,7,7,0,2,1,4,3,5,0
3829,1,5,0,3,0,2,1,0,0,7,0,1,1,1,4,0,0,2,1,2,1,5,1
3830,0,2,3,3,1,5,1,0,0,5,1,1,2,2,6,7,0,2,1,4,3,5,0
3831,1,5,2,8,0,1,1,1,1,5,0,1,2,2,7,7,0,2,1,4,2,4,0
3832,0,2,0,2,1,5,1,0,0,5,1,1,2,2,6,6,0,2,1,4,2,4,0
3833,1,5,2,8,0,1,1,0,1,5,0,1,2,2,7,7,0,2,1,4,2,3,0
3834,1,5,0,3,0,2,1,0,0,2,0,1,1,1,6,6,0,2,1,2,1,4,0
3835,1,5,0,3,0,2,1,0,0,3,0,1,1,1,0,6,0,2,1,2,1,5,0
3836,0,2,3,3,1,5,1,0,0,9,1,1,2,2,3,3,0,2,1,4,3,4,0
3837,0,2,3,3,1,5,1,0,0,7,1,1,2,2,7,3,0,2,1,4,3,4,0
3838,0,2,3,2,1,5,1,0,0,7,1,1,2,2,6,7,0,2,1,4,3,5,0
3839,0,2,3,2,1,5,1,0,0,7,1,1,2,2,7,3,0,2,1,4,2,5,0
3840,1,5,0,3,0,2,1,0,0,3,0,1,1,1,0,4,0,2,1,2,1,4,4
3841,0,2,0,2,1,5,1,0,0,9,1,1,2,2,6,7,0,2,1,4,3,5,0
3842,0,2,0,2,1,5,1,0,0,5,1,1,2,2,3,6,0,2,1,4,2,5,0
3843,1,5,3,3,0,2,1,0,0,2,0,1,1,1,4,4,0,2,1,2,1,4,1
3844,0,2,0,2,1,5,1,0,0,9,1,1,2,2,7,3,0,2,1,4,2,5,0
3845,1,5,0,3,0,1,1,1,1,7,0,1,2,2,7,7,0,2,1,4,3,3,0
3846,0,2,3,3,1,5,1,0,0,9,1,1,2,2,3,7,0,2,1,4,2,5,0
3847,0,2,3,2,1,5,1,0,0,10,1,1,2,2,3,3,0,2,1,4,3,5,0
3848,0,2,3,2,1,5,1,0,0,5,1,1,2,2,6,7,0,2,1,4,3,5,0
3849,0,2,3,3,1,5,1,0,0,10,1,1,2,2,7,6,0,2,1,4,2,5,0
3850,0,5,0,2,1,5,1,0,0,5,1,1,2,2,7,7,0,2,1,4,3,5,0
3851,0,2,3,3,1,5,1,0,0,9,1,1,2,2,6,7,0,2,1,4,2,5,0
3852,1,5,2,5,0,1,1,0,1,7,0,1,2,2,7,7,0,2,1,4,2,3,0
3853,0,2,3,4,1,5,1,0,0,9,1,1,2,2,7,6,0,2,1,4,3,4,0
3854,1,5,0,3,0,2,1,0,0,7,0,1,1,1,0,4,0,2,1,2,1,5,1
3855,0,2,3,2,1,5,1,0,0,5,1,1,2,2,7,6,0,2,1,4,2,4,0
3856,0,2,3,3,1,5,1,0,0,10,1,1,2,2,3,7,0,2,1,4,3,4,0
3857,0,2,0,2,1,5,1,0,0,5,1,1,2,2,6,3,0,2,1,4,3,4,0
3858,1,5,2,8,0,1,1,1,1,9,0,1,2,2,7,7,0,2,1,4,3,4,0
3859,1,5,0,8,0,1,1,1,1,5,0,1,2,2,7,7,0,2,1,4,3,4,0
3860,0,5,3,4,1,5,1,0,0,5,1,1,2,2,7,7,0,2,1,4,3,4,0
3861,0,2,0,2,1,5,1,0,0,10,1,1,2,2,6,3,0,2,1,4,2,4,0
3862,0,2,3,2,1,5,1,0,0,10,1,1,2,2,3,6,0,2,1,4,2,4,0
3863,0,5,3,3,1,5,1,0,0,9,1,1,2,2,3,6,0,2,1,4,3,5,0
3864,1,5,0,3,0,2,1,0,0,7,0,1,1,1,4,6,0,2,1,2,1,4,0
3865,1,5,0,8,0,1,1,1,1,5,0,1,2,2,7,7,0,2,1,4,2,4,0
3866,0,2,3,4,1,5,1,0,0,10,1,1,2,2,7,7,0,2,1,4,2,5,0
3867,0,2,0,2,1,5,1,0,0,10,1,1,2,2,3,3,0,2,1,4,2,4,0
3868,1,5,0,8,0,1,1,1,1,9,0,1,2,2,7,7,0,2,1,4,2,4,0
3869,1,5,2,3,0,1,1,1,1,7,0,1,2,2,7,7,0,2,1,4,2,3,0
3870,0,5,3,2,1,5,1,0,0,7,1,1,2,2,6,6,0,2,1,4,2,4,0
3871,1,5,0,3,0,2,1,0,0,3,0,1,1,1,0,6,0,2,1,2,1,4,0
3872,1,5,0,3,0,1,1,0,1,7,0,1,2,2,7,7,0,2,1,4,3,4,0
3873,1,5,0,3,0,2,1,0,0,3,0,1,1,1,4,6,0,2,1,2,1,4,0
3874,1,5,2,3,0,1,1,0,1,5,0,1,2,2,7,7,0,2,1,4,3,4,0
3875,0,5,0,3,1,5,1,0,0,10,1,1,2,2,6,3,0,2,1,4,2,4,0
3876,1,5,0,5,0,1,1,0,1,9,0,1,2,2,7,7,0,2,1,4,2,3,0
3877,0,2,0,2,1,5,1,0,0,5,1,1,2,2,3,6,0,2,1,4,3,4,0
3878,1,5,2,5,0,1,1,0,1,5,0,1,2,2,7,7,0,2,1,4,2,4,0
3879,1,5,0,3,0,1,1,1,1,7,0,1,2,2,7,7,0,2,1,4,2,3,0
3880,0,2,3,2,1,5,1,0,0,7,1,1,2,2,3,3,0,2,1,4,2,5,0
3881,1,5,0,3,0,1,1,0,1,5,0,1,2,2,7,7,0,2,1,4,2,3,0
3882,1,5,2,3,0,1,1,1,1,5,0,1,2,2,7,7,0,2,1,4,2,4,0
3883,0,2,3,3,1,5,1,0,0,9,1,1,2,2,7,3,0,2,1,4,3,5,0
3884,0,2,3,4,1,5,1,0,0,9,1,1,2,2,3,7,0,2,1,4,3,5,0
3885,1,5,0,3,0,1,1,1,1,2,0,1,2,2,7,7,0,2,1,4,3,3,0
3886,0,2,0,2,1,5,1,0,0,7,1,1,2,2,7,3,0,2,1,4,2,4,0
3887,1,5,2,8,0,1,1,0,1,5,0,1,2,2,7,7,0,2,1,4,3,3,0
3888,0,2,3,4,1,5,1,0,0,10,1,1,2,2,3,3,0,2,1,4,2,4,0
3889,1,5,0,3,0,2,1,0,0,3,0,1,1,1,4,0,0,2,1,2,1,4,0
3890,1,2,3,3,0,2,1,0,0,2,0,1,1,1,0,0,0,2,1,2,1,5,1
3891,0,2,3,3,1,5,1,0,0,5,1,1,2,2,6,3,0,2,1,4,2,4,0
3892,1,5,0,3,0,2,1,0,0,2,0,1,1,1,4,0,0,2,1,2,1,4,1
3893,0,2,3,3,1,5,1,0,0,7,1,1,2,2,3,7,0,2,1,4,3,4,0
3894,1,5,0,3,0,2,1,0,0,2,0,1,1,1,4,4,0,2,1,2,1,5,1
3895,1,2,0,3,0,2,1,0,0,7,0,1,1,1,4,6,0,2,1,2,1,5,4
3896,0,2,0,2,1,5,1,0,0,5,1,1,2,2,7,7,0,2,1,4,2,4,0
3897,0,2,0,3,1,5,1,0,0,10,1,1,2,2,3,3,0,2,1,4,2,4,0
3898,1,5,0,8,0,1,1,0,1,7,0,1,2,2,7,7,0,2,1,4,3,4,0
3899,0,2,0,3,1,5,1,0,0,5,1,1,2,2,7,7,0,2,1,4,3,5,0
3900,1,5,0,3,0,2,1,0,0,7,0,1,1,1,0,6,0,2,1,2,1,5,4
3901,1,5,3,9,0,2,1,0,0,3,0,1,1,1,4,0,0,2,1,2,1,4,0
3902,1,2,3,3,0,2,1,0,0,7,0,1,1,1,4,6,0,2,1,2,1,5,4
3903,1,5,0,9,0,2,1,0,0,7,0,1,1,1,6,0,0,2,1,2,1,4,1
3904,1,5,0,8,0,1,1,1,1,2,0,1,2,2,7,7,0,2,1,4,3,4,0
3905,1,5,3,9,0,2,1,0,0,3,0,1,1,1,0,4,0,2,1,2,1,5,0
3906,1,5,3,9,0,2,1,0,0,2,0,1,1,1,0,6,0,2,1,2,1,4,0
3907,1,5,0,9,0,2,1,0,0,3,0,1,1,1,4,4,0,2,1,2,1,4,4
3908,1,2,0,9,0,2,1,0,0,3,0,1,1,1,6,4,0,2,1,2,1,4,0
3909,1,2,0,9,0,2,1,0,0,2,0,1,1,1,4,4,0,2,1,2,1,5,0
3910,0,2,3,3,1,5,1,0,0,5,1,1,2,2,7,3,0,2,1,4,2,5,0
3911,1,5,3,3,0,2,1,0,0,2,0,1,1,1,0,4,0,2,1,2,1,5,1
3912,1,2,0,9,0,2,1,0,0,7,0,1,1,1,4,0,0,2,1,2,1,5,4
3913,1,2,0,9,0,2,1,0,0,2,0,1,1,1,6,0,0,2,1,2,1,5,1
3914,0,5,0,3,1,5,1,0,0,10,1,1,2,2,7,7,0,2,1,4,2,5,0
3915,0,2,3,4,1,5,1,0,0,5,1,1,2,2,7,3,0,2,1,4,3,4,0
3916,0,2,3,2,1,5,1,0,0,5,1,1,2,2,7,6,0,2,1,4,3,4,0
3917,1,5,3,9,0,2,1,0,0,3,0,1,1,1,4,6,0,2,1,2,1,4,1
3918,1,2,3,3,0,2,1,0,0,2,0,1,1,1,0,0,0,2,1,2,1,4,1
3919,1,2,3,3,0,2,1,0,0,3,0,1,1,1,4,0,0,2,1,2,1,4,0
3920,0,2,3,2,1,5,1,0,0,10,1,1,2,2,6,7,0,2,1,4,2,5,0
3921,1,2,3,3,0,2,1,0,0,7,0,1,1,1,4,0,0,2,1,2,1,4,1
3922,0,2,0,2,1,5,1,0,0,5,1,1,2,2,3,7,0,2,1,4,2,4,0
3923,0,2,0,3,1,5,1,0,0,7,1,1,2,2,3,7,0,2,1,4,2,4,0
3924,0,2,0,3,1,5,1,0,0,10,1,1,2,2,3,6,0,2,1,4,3,4,0
3925,1,5,0,3,0,2,1,0,0,7,0,1,1,1,0,0,0,2,1,2,1,5,0
3926,1,5,3,9,0,2,1,0,0,7,0,1,1,1,0,0,0,2,1,2,1,5,1
3927,1,2,0,9,0,2,1,0,0,3,0,1,1,1,0,4,0,2,1,2,1,5,1
3928,0,2,3,2,1,5,1,0,0,7,1,1,2,2,3,6,0,2,1,4,3,4,0
3929,1,5,0,9,0,2,1,0,0,3,0,1,1,1,6,4,0,2,1,2,1,5,0
3930,1,2,3,3,0,2,1,0,0,3,0,1,1,1,6,0,0,2,1,2,1,5,4
3931,1,2,0,9,0,2,1,0,0,2,0,1,1,1,6,6,0,2,1,2,1,4,1
3932,1,2,3,9,0,2,1,0,0,2,0,1,1,1,6,0,0,2,1,2,1,4,0
3933,1,5,3,3,0,2,1,0,0,7,0,1,1,1,4,4,0,2,1,2,1,5,4
3934,1,2,0,9,0,2,1,0,0,3,0,1,1,1,0,0,0,2,1,2,1,4,4
3935,1,5,2,5,0,1,1,0,1,2,0,1,2,2,7,7,0,2,1,4,3,3,0
3936,1,5,3,9,0,2,1,0,0,7,0,1,1,1,4,4,0,2,1,2,1,4,1
3937,0,2,0,2,1,5,1,0,0,9,1,1,2,2,3,3,0,2,1,4,2,4,0
3938,0,2,3,2,1,5,1,0,0,5,1,1,2,2,3,6,0,2,1,4,2,5,0
3939,1,5,0,5,0,1,1,0,1,5,0,1,2,2,7,7,0,2,1,4,3,4,0
3940,1,5,0,9,0,2,1,0,0,3,0,1,1,1,0,0,0,2,1,2,1,4,1
3941,1,2,3,3,0,2,1,0,0,7,0,1,1,1,0,6,0,2,1,2,1,4,1
3942,0,5,3,3,1,5,1,0,0,7,1,1,2,2,7,6,0,2,1,4,2,5,0
3943,0,2,0,2,1,5,1,0,0,7,1,1,2,2,7,3,0,2,1,4,3,5,0
3944,1,2,3,3,0,2,1,0,0,7,0,1,1,1,0,0,0,2,1,2,1,4,0
3945,0,2,3,3,1,5,1,0,0,9,1,1,2,2,7,3,0,2,1,4,3,4,0
3946,1,5,0,9,0,2,1,0,0,2,0,1,1,1,4,6,0,2,1,2,1,4,0
3947,1,2,3,3,0,2,1,0,0,2,0,1,1,1,4,4,0,2,1,2,1,5,1
3948,0,2,0,2,1,5,1,0,0,7,1,1,2,2,3,3,0,2,1,4,3,4,0
3949,1,5,3,9,0,2,1,0,0,3,0,1,1,1,4,4,0,2,1,2,1,4,1
3950,1,2,0,9,0,2,1,0,0,2,0,1,1,1,4,0,0,2,1,2,1,5,1
3951,1,5,3,9,0,2,1,0,0,7,0,1,1,1,6,6,0,2,1,2,1,4,1
3952,1,2,0,3,0,2,1,0,0,2,0,1,1,1,6,0,0,2,1,2,1,5,1
3953,1,5,2,5,0,1,1,1,1,5,0,1,2,2,7,7,0,2,1,4,3,3,0
3954,1,5,0,3,0,1,1,0,1,2,0,1,2,2,7,7,0,2,1,4,2,3,0
3955,1,5,3,3,0,2,1,0,0,2,0,1,1,1,0,6,0,2,1,2,1,4,4
3956,1,5,3,9,0,2,1,0,0,3,0,1,1,1,0,6,0,2,1,2,1,5,4
3957,1,2,0,3,0,2,1,0,0,3,0,1,1,1,6,4,0,2,1,2,1,4,0
3958,0,2,3,3,1,5,1,0,0,9,1,1,2,2,7,7,0,2,1,4,3,4,0
3959,1,5,2,3,1,2,1,0,0,10,1,1,0,2,7,7,0,2,1,4,1,4,5
3960,1,5,3,9,0,2,1,0,0,2,0,1,1,1,6,0,0,2,1,2,1,5,0
3961,0,2,0,3,1,5,1,0,0,10,1,1,2,2,6,6,0,2,1,4,2,4,0
3962,1,2,0,9,0,2,1,0,0,2,0,1,1,1,6,0,0,2,1,2,1,5,0
3963,1,5,3,3,0,2,1,0,0,3,0,1,1,1,0,0,0,2,1,2,1,5,4
3964,1,2,0,9,0,2,1,0,0,2,0,1,1,1,0,0,0,2,1,2,1,4,4
3965,1,5,3,3,0,2,1,0,0,3,0,1,1,1,0,4,0,2,1,2,1,5,1
3966,1,2,3,3,0,2,1,0,0,3,0,1,1,1,0,6,0,2,1,2,1,5,1
3967,1,2,3,9,0,2,1,0,0,3,0,1,1,1,4,0,0,2,1,2,1,5,4
3968,1,5,0,9,0,2,1,0,0,7,0,1,1,1,6,4,0,2,1,2,1,5,4
3969,1,5,2,8,0,1,1,0,1,2,0,1,2,2,7,7,0,2,1,4,2,4,0
3970,1,5,3,3,0,2,1,0,0,2,0,1,1,1,0,4,0,2,1,2,1,4,4
3971,1,5,0,3,0,2,1,0,0,7,0,1,1,1,0,0,0,2,1,2,1,5,4
3972,0,2,3,4,1,5,1,0,0,9,1,1,2,2,6,6,0,2,1,4,3,4,0
3973,0,2,0,3,1,5,1,0,0,10,1,1,2,2,6,7,0,2,1,4,2,4,0
3974,1,5,0,9,0,2,1,0,0,2,0,1,1,1,4,0,0,2,1,2,1,5,4
3975,1,5,2,5,0,1,1,0,1,9,0,1,2,2,7,7,0,2,1,4,3,3,0
3976,1,2,0,3,0,2,1,0,0,7,0,1,1,1,4,4,0,2,1,2,1,4,1
3977,1,5,0,3,0,2,1,0,0,3,0,1,1,1,0,0,0,2,1,2,1,4,1
3978,1,5,2,8,0,1,1,0,1,9,0,1,2,2,7,7,0,2,1,4,2,4,0
3979,0,2,0,2,1,5,1,0,0,10,1,1,2,2,7,6,0,2,1,4,3,4,0
3980,1,2,3,3,0,2,1,0,0,7,0,1,1,1,0,4,0,2,1,2,1,4,1
3981,1,5,0,5,0,1,1,1,1,7,0,1,2,2,7,7,0,2,1,4,2,4,0
3982,1,2,2,8,1,2,1,0,0,7,1,1,0,2,7,7,0,2,1,4,1,4,1
3983,1,5,3,9,0,2,1,0,0,7,0,1,1,1,4,4,0,2,1,2,1,4,4
3985,1,2,0,3,0,2,1,0,0,2,0,1,1,1,4,6,0,2,1,2,1,5,1
3986,1,5,0,3,0,2,1,0,0,7,0,1,1,1,6,4,0,2,1,2,1,5,1
3987,1,5,0,9,0,2,1,0,0,3,0,1,1,1,4,0,0,2,1,2,1,5,1
3988,1,2,0,9,0,2,1,0,0,3,0,1,1,1,6,6,0,2,1,2,1,5,1
3989,0,2,0,3,1,5,1,0,0,9,1,1,2,2,6,3,0,2,1,4,3,5,0
3990,1,5,0,9,0,2,1,0,0,3,0,1,1,1,6,6,0,2,1,2,1,4,0
3991,1,5,3,3,0,2,1,0,0,3,0,1,1,1,6,6,0,2,1,2,1,4,0
3992,1,2,0,3,0,2,1,0,0,7,0,1,1,1,4,4,0,2,1,2,1,5,1
3993,1,5,0,3,0,1,1,1,1,9,0,1,2,2,7,7,0,2,1,4,3,3,0
3994,1,5,0,3,0,1,1,0,1,9,0,1,2,2,7,7,0,2,1,4,3,4,0
3995,1,5,3,3,0,2,1,0,0,7,0,1,1,1,6,4,0,2,1,2,1,4,1
3996,1,5,2,3,1,2,1,0,0,3,1,1,2,2,7,7,0,2,1,4,1,3,1
3997,1,5,3,3,0,2,1,0,0,3,0,1,1,1,6,0,0,2,1,2,1,4,1
3998,0,2,3,3,1,5,1,0,0,5,1,1,2,2,6,3,0,2,1,4,2,5,0
3999,1,2,0,9,0,2,1,0,0,7,0,1,1,1,0,0,0,2,1,2,1,4,0
4000,0,2,0,2,1,5,1,0,0,7,1,1,2,2,6,6,0,2,1,4,2,4,0
4001,1,2,3,3,0,2,1,0,0,7,0,1,1,1,6,0,0,2,1,2,1,5,4
4002,0,2,3,4,1,5,1,0,0,5,1,1,2,2,3,7,0,2,1,4,2,4,0
4003,0,2,0,2,1,5,1,0,0,10,1,1,2,2,3,6,0,2,1,4,2,5,0
4004,1,5,3,3,0,2,1,0,0,2,0,1,1,1,4,6,0,2,1,2,1,5,4
4005,1,5,3,3,0,2,1,0,0,3,0,1,1,1,0,6,0,2,1,2,1,5,0
4006,0,2,0,2,1,5,1,0,0,10,1,1,2,2,3,3,0,2,1,4,3,4,0
4007,1,2,0,3,0,2,1,0,0,7,0,1,1,1,0,0,0,2,1,2,1,4,4
4008,0,2,0,3,1,5,1,0,0,10,1,1,2,2,6,6,0,2,1,4,2,5,0
4009,0,2,3,2,1,5,1,0,0,10,1,1,2,2,7,3,0,2,1,4,2,5,0
4010,0,2,3,2,1,5,1,0,0,10,1,1,2,2,3,3,0,2,1,4,3,4,0
4011,1,2,0,3,0,2,1,0,0,2,0,1,1,1,4,4,0,2,1,2,1,5,4
4012,0,5,0,2,1,5,1,0,0,9,1,1,2,2,3,6,0,2,1,4,2,4,0
4013,1,2,3,3,0,2,1,0,0,7,0,1,1,1,6,0,0,2,1,2,1,4,0
4014,1,5,3,9,0,2,1,0,0,7,0,1,1,1,6,4,0,2,1,2,1,4,4
4015,1,2,3,9,0,2,1,0,0,7,0,1,1,1,0,0,0,2,1,2,1,4,0
4016,1,5,0,9,0,2,1,0,0,2,0,1,1,1,4,6,0,2,1,2,1,4,4
4017,1,5,3,9,0,2,1,0,0,7,0,1,1,1,4,4,0,2,1,2,1,4,0
4018,0,5,0,3,1,5,1,0,0,9,1,1,2,2,3,3,0,2,1,4,3,4,0
4019,0,5,3,3,1,5,1,0,0,9,1,1,2,2,3,7,0,2,1,4,3,4,0
4020,1,2,3,3,0,2,1,0,0,2,0,1,1,1,0,6,0,2,1,2,1,4,1
4021,1,2,0,9,0,2,1,0,0,3,0,1,1,1,6,6,0,2,1,2,1,5,0
4022,1,5,3,3,0,2,1,0,0,7,0,1,1,1,6,0,0,2,1,2,1,5,4
4024,1,5,3,3,0,2,1,0,0,3,0,1,1,1,4,4,0,2,1,2,1,5,4
4025,1,5,3,3,0,2,1,0,0,2,0,1,1,1,6,6,0,2,1,2,1,4,1
4026,1,5,2,3,0,1,1,1,1,9,0,1,2,2,7,7,0,2,1,4,3,4,0
4027,1,2,0,3,0,2,1,0,0,7,0,1,1,1,6,0,0,2,1,2,1,4,1
4028,1,2,2,0,1,2,1,0,0,7,1,1,2,0,7,7,0,2,1,4,1,3,1
4029,1,5,3,3,0,2,1,0,0,7,0,1,1,1,4,6,0,2,1,2,1,4,0
4030,1,5,3,9,0,2,1,0,0,7,0,1,1,1,6,6,0,2,1,2,1,5,0
4031,1,5,2,8,0,1,1,1,1,9,0,1,2,2,7,7,0,2,1,4,2,3,0
4032,1,5,3,9,0,2,1,0,0,3,0,1,1,1,6,4,0,2,1,2,1,4,0
4033,0,2,0,2,1,5,1,0,0,10,1,1,2,2,7,6,0,2,1,4,2,4,0
4034,1,5,3,3,0,2,1,0,0,3,0,1,1,1,6,6,0,2,1,2,1,5,1
4035,1,5,0,9,0,2,1,0,0,7,0,1,1,1,4,6,0,2,1,2,1,4,0
4036,1,5,0,9,0,2,1,0,0,7,0,1,1,1,6,0,0,2,1,2,1,4,4
4037,1,2,0,3,0,2,1,0,0,7,0,1,1,1,6,4,0,2,1,2,1,4,1
4038,1,5,0,9,0,2,1,0,0,3,0,1,1,1,4,0,0,2,1,2,1,5,0
4039,0,2,0,3,1,5,1,0,0,9,1,1,2,2,3,7,0,2,1,4,2,4,0
4040,1,5,0,3,0,2,1,0,0,7,0,1,1,1,6,6,0,2,1,2,1,5,0
4041,0,2,3,4,1,5,1,0,0,9,1,1,2,2,7,6,0,2,1,4,3,5,0
4042,1,2,3,3,0,2,1,0,0,3,0,1,1,1,0,6,0,2,1,2,1,4,0
4043,1,2,0,3,0,2,1,0,0,7,0,1,1,1,6,6,0,2,1,2,1,5,4
4044,1,2,0,3,0,2,1,0,0,2,0,1,1,1,0,0,0,2,1,2,1,4,0
4045,1,5,2,8,0,1,1,1,1,9,0,1,2,2,7,7,0,2,1,4,2,4,0
4046,1,5,3,3,0,2,1,0,0,3,0,1,1,1,4,4,0,2,1,2,1,5,0
4047,0,2,3,4,1,5,1,0,0,7,1,1,2,2,3,7,0,2,1,4,2,4,0
4048,1,5,0,8,0,1,1,0,1,9,0,1,2,2,7,7,0,2,1,4,2,3,0
4049,1,5,0,9,0,2,1,0,0,7,0,1,1,1,6,0,0,2,1,2,1,4,0
4050,1,5,0,9,0,2,1,0,0,7,0,1,1,1,0,4,0,2,1,2,1,5,0
4051,1,5,0,5,0,1,1,1,1,9,0,1,2,2,7,7,0,2,1,4,3,4,0
4052,1,2,0,9,0,2,1,0,0,7,0,1,1,1,6,6,0,2,1,2,1,5,0
4053,1,2,0,3,0,2,1,0,0,3,0,1,1,1,6,4,0,2,1,2,1,4,4
4054,0,2,3,2,1,5,1,0,0,7,1,1,2,2,3,3,0,2,1,4,2,4,0
4055,1,5,3,9,0,2,1,0,0,2,0,1,1,1,6,0,0,2,1,2,1,4,4
4056,1,2,0,9,0,2,1,0,0,2,0,1,1,1,0,6,0,2,1,2,1,4,4
4057,1,5,0,3,0,1,1,0,1,2,0,1,2,2,7,7,0,2,1,4,3,3,0
4058,1,5,2,5,0,1,1,1,1,9,0,1,2,2,7,7,0,2,1,4,2,4,0
4059,0,5,0,2,1,5,1,0,0,5,1,1,2,2,7,6,0,2,1,4,3,4,0
4060,1,5,3,9,0,2,1,0,0,3,0,1,1,1,0,0,0,2,1,2,1,4,1
4061,0,2,0,4,1,5,1,0,0,5,1,1,2,2,7,7,0,2,1,4,3,5,0
4062,0,2,3,2,1,5,1,0,0,7,1,1,2,2,7,7,0,2,1,4,2,5,0
4063,1,2,3,9,0,2,1,0,0,7,0,1,1,1,0,6,0,2,1,2,1,5,0
4064,1,5,0,9,0,2,1,0,0,7,0,1,1,1,0,4,0,2,1,2,1,5,1
4065,1,5,3,3,0,2,1,0,0,2,0,1,1,1,4,6,0,2,1,2,1,4,0
4066,1,2,0,3,0,2,1,0,0,2,0,1,1,1,4,0,0,2,1,2,1,5,0
4067,1,2,0,9,0,2,1,0,0,2,0,1,1,1,6,4,0,2,1,2,1,5,4
4068,0,2,3,3,1,5,1,0,0,10,1,1,2,2,6,6,0,2,1,4,3,5,0
4069,1,5,3,3,0,2,1,0,0,7,0,1,1,1,0,6,0,2,1,2,1,4,4
4070,1,5,3,9,0,2,1,0,0,3,0,1,1,1,4,4,0,2,1,2,1,4,4
4071,1,2,0,3,0,2,1,0,0,7,0,1,1,1,0,4,0,2,1,2,1,4,4
4072,1,2,0,9,0,2,1,0,0,7,0,1,1,1,0,4,0,2,1,2,1,5,4
4073,0,2,0,2,1,5,1,0,0,9,1,1,2,2,7,3,0,2,1,4,3,4,0
4074,0,2,3,4,1,5,1,0,0,7,1,1,2,2,3,3,0,2,1,4,3,4,0
4075,1,5,0,9,0,2,1,0,0,3,0,1,1,1,6,4,0,2,1,2,1,5,1
4077,0,2,3,4,1,5,1,0,0,9,1,1,2,2,6,7,0,2,1,4,3,5,0
4078,1,2,3,9,0,2,1,0,0,7,0,1,1,1,6,6,0,2,1,2,1,4,1
4079,1,2,0,9,0,2,1,0,0,2,0,1,1,1,0,0,0,2,1,2,1,4,1
4080,1,5,3,3,0,2,1,0,0,2,0,1,1,1,4,6,0,2,1,2,1,5,0
4081,1,5,3,3,0,2,1,0,0,7,0,1,1,1,4,6,0,2,1,2,1,5,4
4082,1,2,0,9,0,2,1,0,0,2,0,1,1,1,6,0,0,2,1,2,1,4,4
4083,1,5,3,9,0,2,1,0,0,2,0,1,1,1,0,0,0,2,1,2,1,5,0
4084,1,5,0,9,0,2,1,0,0,3,0,1,1,1,0,0,0,2,1,2,1,4,4
4085,1,5,3,3,0,2,1,0,0,7,0,1,1,1,0,4,0,2,1,2,1,4,4
4086,1,5,0,9,0,2,1,0,0,3,0,1,1,1,4,0,0,2,1,2,1,5,4
4087,0,5,0,3,1,5,1,0,0,9,1,1,2,2,6,3,0,2,1,4,3,4,0
4088,1,2,3,3,0,2,1,0,0,3,0,1,1,1,4,6,0,2,1,2,1,5,0
4089,0,2,3,2,1,5,1,0,0,7,1,1,2,2,3,3,0,2,1,4,3,4,0
4090,1,5,0,3,0,2,1,0,0,7,0,1,1,1,0,4,0,2,1,2,1,4,0
4091,1,2,0,9,0,2,1,0,0,3,0,1,1,1,0,0,0,2,1,2,1,4,0
4092,0,2,3,4,1,5,1,0,0,5,1,1,2,2,7,7,0,2,1,4,3,5,0
4093,0,2,0,3,1,5,1,0,0,10,1,1,2,2,6,3,0,2,1,4,2,5,0
4094,1,2,3,3,0,2,1,0,0,7,0,1,1,1,4,6,0,2,1,2,1,4,1
4095,0,5,0,2,1,5,1,0,0,10,1,1,2,2,6,6,0,2,1,4,2,4,0
4096,0,2,0,2,1,5,1,0,0,7,1,1,2,2,6,7,0,2,1,4,3,5,0
4097,1,2,3,9,0,2,1,0,0,3,0,1,1,1,0,0,0,2,1,2,1,4,4
4098,1,5,0,8,0,1,1,0,1,9,0,1,2,2,7,7,0,2,1,4,2,4,0
4099,1,5,3,3,0,2,1,0,0,7,0,1,1,1,0,4,0,2,1,2,1,5,0
4101,1,5,0,9,0,2,1,0,0,7,0,1,1,1,0,6,0,2,1,2,1,4,4
4102,1,2,3,3,0,2,1,0,0,7,0,1,1,1,0,6,0,2,1,2,1,5,0
4103,0,2,3,3,1,5,1,0,0,9,1,1,2,2,7,6,0,2,1,4,3,5,0
4105,0,2,3,2,1,5,1,0,0,5,1,1,2,2,3,3,0,2,1,4,3,4,0
4106,1,0,2,0,1,5,1,0,0,2,0,1,2,2,7,7,0,2,2,4,5,4,3
4107,0,2,0,3,1,5,1,0,0,10,1,1,2,2,3,3,0,2,1,4,2,5,0
4108,1,2,0,3,0,2,1,0,0,7,0,1,1,1,0,4,0,2,1,2,1,4,1
4109,0,2,3,3,1,5,1,0,0,10,1,1,2,2,7,3,0,2,1,4,2,5,0
4110,1,2,0,9,0,2,1,0,0,7,0,1,1,1,6,4,0,2,1,2,1,5,4
4111,1,2,0,9,0,2,1,0,0,2,0,1,1,1,4,4,0,2,1,2,1,5,1
4112,1,2,0,3,0,2,1,0,0,2,0,1,1,1,4,6,0,2,1,2,1,4,1
4113,0,2,0,2,1,5,1,0,0,9,1,1,2,2,6,7,0,2,1,4,3,4,0
4114,1,5,0,3,0,2,1,0,0,7,0,1,1,1,4,6,0,2,1,2,1,5,4
4115,1,2,0,9,0,2,1,0,0,2,0,1,1,1,6,0,0,2,1,2,1,4,1
4116,1,5,0,9,0,2,1,0,0,2,0,1,1,1,4,4,0,2,1,2,1,4,0
4117,1,5,0,9,0,2,1,0,0,2,0,1,1,1,0,0,0,2,1,2,1,5,4
4118,1,2,0,9,0,2,1,0,0,7,0,1,1,1,6,4,0,2,1,2,1,4,1
4119,1,2,0,9,0,2,1,0,0,3,0,1,1,1,4,0,0,2,1,2,1,4,1
4120,1,5,3,3,0,2,1,0,0,7,0,1,1,1,4,0,0,2,1,2,1,4,4
4121,0,2,3,2,1,5,1,0,0,9,1,1,2,2,3,3,0,2,1,4,2,4,0
4122,1,2,0,3,0,2,1,0,0,2,0,1,1,1,4,6,0,2,1,2,1,4,0
4123,1,2,0,9,0,2,1,0,0,3,0,1,1,1,4,6,0,2,1,2,1,4,1
4124,0,2,0,4,1,5,1,0,0,9,1,1,2,2,7,6,0,2,1,4,2,4,0
4125,1,5,3,9,0,2,1,0,0,2,0,1,1,1,6,6,0,2,1,2,1,4,4
4126,1,5,3,9,0,2,1,0,0,3,0,1,1,1,0,6,0,2,1,2,1,4,4
4127,0,2,3,4,1,5,1,0,0,7,1,1,2,2,6,6,0,2,1,4,2,5,0
4128,1,2,3,3,0,2,1,0,0,7,0,1,1,1,0,6,0,2,1,2,1,5,4
4129,0,2,0,2,1,5,1,0,0,7,1,1,2,2,3,3,0,2,1,4,2,5,0
4130,1,5,3,9,0,2,1,0,0,2,0,1,1,1,0,0,0,2,1,2,1,4,1
4131,1,2,3,3,0,2,1,0,0,3,0,1,1,1,0,0,0,2,1,2,1,4,0
4132,1,5,3,9,0,2,1,0,0,7,0,1,1,1,0,0,0,2,1,2,1,4,0
4133,1,5,2,3,0,1,1,0,1,2,0,1,2,2,7,7,0,2,1,4,2,3,0
4134,0,2,0,3,1,5,1,0,0,10,1,1,2,2,3,6,0,2,1,4,2,4,0
4135,1,2,3,3,0,2,1,0,0,2,0,1,1,1,6,6,0,2,1,2,1,5,1
4136,1,5,0,3,0,2,1,0,0,3,0,1,1,1,0,0,0,2,1,2,1,5,0
4137,1,2,3,3,0,2,1,0,0,3,0,1,1,1,0,4,0,2,1,2,1,4,4
4138,0,2,3,4,1,5,1,0,0,10,1,1,2,2,6,7,0,2,1,4,2,4,0
4139,1,5,3,9,0,2,1,0,0,7,0,1,1,1,0,4,0,2,1,2,1,5,0
4140,1,2,0,3,0,2,1,0,0,2,0,1,1,1,6,0,0,2,1,2,1,5,0
4141,0,2,3,2,1,5,1,0,0,10,1,1,2,2,7,3,0,2,1,4,3,4,0
4142,0,2,3,2,1,5,1,0,0,10,1,1,2,2,6,3,0,2,1,4,2,4,0
4143,1,2,2,3,1,2,1,0,0,7,1,1,0,0,7,7,0,2,1,4,1,4,5
4144,1,5,0,3,0,2,1,0,0,2,0,1,1,1,6,4,0,2,1,2,1,5,4
4145,1,2,3,3,0,2,1,0,0,2,0,1,1,1,4,0,0,2,1,2,1,4,4
4146,1,5,3,3,0,2,1,0,0,2,0,1,1,1,6,0,0,2,1,2,1,4,4
4147,1,5,0,9,0,2,1,0,0,3,0,1,1,1,0,4,0,2,1,2,1,4,0
4148,1,2,3,3,0,2,1,0,0,7,0,1,1,1,0,4,0,2,1,2,1,4,0
4149,1,2,3,3,0,2,1,0,0,7,0,1,1,1,4,6,0,2,1,2,1,4,4
4150,0,2,3,2,1,5,1,0,0,10,1,1,2,2,7,7,0,2,1,4,3,5,0
4151,1,5,3,3,0,2,1,0,0,3,0,1,1,1,0,4,0,2,1,2,1,4,1
4152,1,2,3,3,0,2,1,0,0,7,0,1,1,1,6,6,0,2,1,2,1,4,1
4153,1,5,3,3,0,2,1,0,0,7,0,1,1,1,0,0,0,2,1,2,1,5,4
4154,0,2,0,2,1,5,1,0,0,7,1,1,2,2,7,6,0,2,1,4,3,4,0
4155,0,2,3,2,1,5,1,0,0,7,1,1,2,2,6,7,0,2,1,4,3,4,0
4156,0,2,3,2,1,5,1,0,0,5,1,1,2,2,6,6,0,2,1,4,3,5,0
4157,1,2,0,9,0,2,1,0,0,3,0,1,1,1,0,4,0,2,1,2,1,4,1
4158,1,2,0,3,0,2,1,0,0,3,0,1,1,1,0,6,0,2,1,2,1,5,4
4159,0,2,3,4,1,5,1,0,0,9,1,1,2,2,3,6,0,2,1,4,2,5,0
4160,1,5,3,3,0,2,1,0,0,2,0,1,1,1,6,0,0,2,1,2,1,5,1
4161,0,2,0,3,1,5,1,0,0,9,1,1,2,2,3,7,0,2,1,4,3,4,0
4162,1,5,0,9,0,2,1,0,0,7,0,1,1,1,4,6,0,2,1,2,1,4,4
4163,1,5,3,9,0,2,1,0,0,7,0,1,1,1,6,4,0,2,1,2,1,4,0
4164,1,5,3,9,0,2,1,0,0,7,0,1,1,1,4,6,0,2,1,2,1,4,0
4165,0,2,0,1,0,5,1,1,1,10,0,1,0,0,7,4,0,2,1,0,7,4,2
4166,1,5,0,3,0,2,1,0,0,3,0,1,1,1,4,4,0,2,1,2,1,4,0
4167,1,2,0,3,0,2,1,0,0,7,0,1,1,1,4,6,0,2,1,2,1,5,1
4168,1,5,3,3,0,2,1,0,0,3,0,1,1,1,6,4,0,2,1,2,1,4,1
4169,1,2,3,3,0,2,1,0,0,7,0,1,1,1,6,0,0,2,1,2,1,5,1
4170,1,5,2,0,1,2,1,0,0,10,1,1,0,2,7,7,0,2,1,4,1,3,5
4171,1,2,0,3,0,2,1,0,0,3,0,1,1,1,4,4,0,2,1,2,1,4,0
4172,1,5,3,3,0,2,1,0,0,7,0,1,1,1,4,6,0,2,1,2,1,4,1
4173,1,2,0,9,0,2,1,0,0,2,0,1,1,1,0,0,0,2,1,2,1,5,4
4174,1,2,0,3,0,2,1,0,0,3,0,1,1,1,4,6,0,2,1,2,1,4,4
4175,1,2,0,3,0,2,1,0,0,2,0,1,1,1,6,6,0,2,1,2,1,5,0
4176,0,2,0,3,1,5,1,0,0,10,1,1,2,2,6,7,0,2,1,4,2,5,0
4177,1,5,0,9,0,2,1,0,0,7,0,1,1,1,0,0,0,2,1,2,1,5,4
4178,1,5,0,9,0,2,1,0,0,3,0,1,1,1,0,0,0,2,1,2,1,5,4
4179,0,2,3,2,1,5,1,0,0,9,1,1,2,2,6,6,0,2,1,4,2,5,0
4180,1,2,3,3,0,2,1,0,0,3,0,1,1,1,0,6,0,2,1,2,1,4,4
4181,1,2,0,3,0,2,1,0,0,3,0,1,1,1,0,0,0,2,1,2,1,5,0
4182,1,5,3,9,0,2,1,0,0,2,0,1,1,1,6,4,0,2,1,2,1,5,0
4183,0,2,0,3,1,5,1,0,0,10,1,1,2,2,7,7,0,2,1,4,2,5,0
4184,1,5,0,3,0,2,1,0,0,2,0,1,1,1,4,6,0,2,1,2,1,4,1
4185,1,5,0,3,0,2,1,0,0,2,0,1,1,1,6,6,0,2,1,2,1,5,4
4186,0,2,3,4,1,5,1,0,0,7,1,1,2,2,6,7,0,2,1,4,3,5,0
4187,0,2,0,3,1,5,1,0,0,9,1,1,2,2,6,3,0,2,1,4,3,4,0
4188,1,5,3,3,0,2,1,0,0,3,0,1,1,1,4,4,0,2,1,2,1,4,0
4189,1,2,3,9,0,2,1,0,0,3,0,1,1,1,6,6,0,2,1,2,1,4,4
4190,1,2,0,9,0,2,1,0,0,3,0,1,1,1,4,0,0,2,1,2,1,4,0
4191,1,2,0,3,0,2,1,0,0,2,0,1,1,1,4,6,0,2,1,2,1,4,4
4192,1,2,0,3,0,2,1,0,0,3,0,1,1,1,0,0,0,2,1,2,1,5,4
4193,1,2,3,3,0,2,1,0,0,7,0,1,1,1,6,4,0,2,1,2,1,5,1
4194,1,2,2,0,1,2,1,0,0,10,1,1,0,0,7,7,0,2,1,4,1,3,5
4195,0,2,0,2,1,5,1,0,0,9,1,1,2,2,6,6,0,2,1,4,3,5,0
4197,0,5,3,3,1,5,1,0,0,5,1,1,2,2,3,7,0,2,1,4,3,4,0
4198,1,5,0,3,0,1,1,1,1,5,0,1,2,2,7,7,0,2,1,4,2,4,0
4199,1,5,0,5,0,1,1,1,1,5,0,1,2,2,7,7,0,2,1,4,3,4,0
4201,1,2,0,3,0,2,1,0,0,2,0,1,1,1,4,6,0,2,1,2,1,5,4
4202,1,5,0,9,0,2,1,0,0,2,0,1,1,1,0,0,0,2,1,2,1,4,1
4203,1,5,2,3,1,2,1,0,0,10,1,1,2,0,7,7,0,2,1,4,1,3,5
4204,1,2,3,3,0,2,1,0,0,3,0,1,1,1,0,6,0,2,1,2,1,5,4
4205,1,5,0,9,0,2,1,0,0,7,0,1,1,1,0,0,0,2,1,2,1,5,0
4206,1,2,3,3,0,2,1,0,0,2,0,1,1,1,4,6,0,2,1,2,1,5,4
4207,1,2,0,3,0,2,1,0,0,3,0,1,1,1,4,0,0,2,1,2,1,5,0
4208,1,2,3,3,0,2,1,0,0,3,0,1,1,1,0,0,0,2,1,2,1,5,0
4209,1,5,3,3,0,2,1,0,0,2,0,1,1,1,4,6,0,2,1,2,1,5,1
4210,1,2,0,3,0,2,1,0,0,3,0,1,1,1,6,6,0,2,1,2,1,5,1
4211,1,5,0,9,0,2,1,0,0,7,0,1,1,1,0,0,0,2,1,2,1,5,1
4212,1,2,0,9,0,2,1,0,0,7,0,1,1,1,4,4,0,2,1,2,1,4,1
4213,1,5,0,9,0,2,1,0,0,3,0,1,1,1,4,0,0,2,1,2,1,4,1
4214,1,5,0,9,0,2,1,0,0,2,0,1,1,1,0,6,0,2,1,2,1,5,1
4215,1,5,3,9,0,2,1,0,0,7,0,1,1,1,4,6,0,2,1,2,1,4,1
4216,1,2,2,3,1,2,1,0,0,3,1,1,2,2,7,7,0,2,1,4,1,4,5
4217,1,5,0,9,0,2,1,0,0,3,0,1,1,1,4,4,0,2,1,2,1,5,1
4218,1,2,0,9,0,2,1,0,0,7,0,1,1,1,6,0,0,2,1,2,1,5,1
4219,1,2,3,3,0,2,1,0,0,7,0,1,1,1,4,6,0,2,1,2,1,5,0
4220,1,2,0,9,0,2,1,0,0,7,0,1,1,1,6,4,0,2,1,2,1,5,0
4221,1,2,0,9,0,2,1,0,0,2,0,1,1,1,0,6,0,2,1,2,1,4,0
4222,1,5,3,3,0,2,1,0,0,3,0,1,1,1,0,4,0,2,1,2,1,4,4
4223,1,5,3,3,0,2,1,0,0,7,0,1,1,1,4,0,0,2,1,2,1,5,4
4224,0,2,3,2,1,5,1,0,0,7,1,1,2,2,7,7,0,2,1,4,3,4,0
4225,1,2,0,9,0,2,1,0,0,3,0,1,1,1,4,6,0,2,1,2,1,4,0
4226,1,2,0,3,0,2,1,0,0,3,0,1,1,1,0,6,0,2,1,2,1,5,0
4227,1,2,3,3,0,2,1,0,0,3,0,1,1,1,4,6,0,2,1,2,1,4,4
4228,1,5,0,9,0,2,1,0,0,2,0,1,1,1,0,6,0,2,1,2,1,4,1
4229,1,5,0,9,0,2,1,0,0,2,0,1,1,1,6,6,0,2,1,2,1,4,4
4230,1,5,0,3,0,2,1,0,0,3,0,1,1,1,4,0,0,2,1,2,1,5,0
4231,1,5,3,9,0,2,1,0,0,7,0,1,1,1,6,6,0,2,1,2,1,5,4
4232,1,2,2,8,1,2,1,0,0,7,1,1,0,0,7,7,0,2,1,4,1,3,5
4233,1,2,0,9,0,2,1,0,0,3,0,1,1,1,6,4,0,2,1,2,1,4,1
4234,1,2,0,9,0,2,1,0,0,7,0,1,1,1,0,6,0,2,1,2,1,4,0
4235,1,2,3,3,0,2,1,0,0,3,0,1,1,1,4,4,0,2,1,2,1,5,4
4236,1,2,0,9,0,2,1,0,0,7,0,1,1,1,6,0,0,2,1,2,1,5,0
4237,1,2,0,9,0,2,1,0,0,3,0,1,1,1,0,4,0,2,1,2,1,4,0
4238,1,2,0,3,0,2,1,0,0,2,0,1,1,1,0,0,0,2,1,2,1,4,4
4239,1,5,3,3,0,2,1,0,0,7,0,1,1,1,4,0,0,2,1,2,1,5,1
4240,1,5,0,9,0,2,1,0,0,3,0,1,1,1,0,6,0,2,1,2,1,5,4
4241,1,2,0,3,0,2,1,0,0,2,0,1,1,1,6,0,0,2,1,2,1,4,1
4242,1,5,0,9,0,2,1,0,0,7,0,1,1,1,4,0,0,2,1,2,1,5,0
4243,1,2,3,3,0,2,1,0,0,7,0,1,1,1,4,4,0,2,1,2,1,4,0
4244,1,5,3,9,0,2,1,0,0,2,0,1,1,1,4,0,0,2,1,2,1,4,0
4245,1,5,2,8,1,2,1,0,0,3,1,1,0,2,7,7,0,2,1,4,1,3,1
4246,1,2,0,3,0,2,1,0,0,7,0,1,1,1,4,0,0,2,1,2,1,5,1
4247,1,5,2,0,1,2,1,0,0,7,1,1,0,2,7,7,0,2,1,4,1,3,1
4248,1,2,3,3,0,2,1,0,0,3,0,1,1,1,6,0,0,2,1,2,1,4,0
4249,1,5,3,3,0,2,1,0,0,7,0,1,1,1,4,4,0,2,1,2,1,4,0
4250,1,5,0,9,0,2,1,0,0,2,0,1,1,1,4,0,0,2,1,2,1,5,1
4251,1,5,0,9,0,2,1,0,0,7,0,1,1,1,4,4,0,2,1,2,1,5,1
4252,1,5,3,9,0,2,1,0,0,2,0,1,1,1,6,6,0,2,1,2,1,4,1
4253,0,2,3,3,1,5,1,0,0,9,1,1,2,2,3,3,0,2,1,4,3,5,0
4254,1,2,3,9,0,2,1,0,0,3,0,1,1,1,6,6,0,2,1,2,1,5,4
4255,1,5,3,3,0,2,1,0,0,3,0,1,1,1,6,4,0,2,1,2,1,5,4
4256,1,2,0,9,0,2,1,0,0,3,0,1,1,1,6,0,0,2,1,2,1,4,1
4257,1,2,3,9,0,2,1,0,0,3,0,1,1,1,4,6,0,2,1,2,1,4,4
4258,1,2,0,9,0,2,1,0,0,2,0,1,1,1,4,6,0,2,1,2,1,5,0
4259,1,5,3,3,0,2,1,0,0,3,0,1,1,1,6,6,0,2,1,2,1,4,4
4260,1,2,0,3,0,2,1,0,0,2,0,1,1,1,0,0,0,2,1,2,1,5,1
4261,1,5,3,3,0,2,1,0,0,2,0,1,1,1,6,6,0,2,1,2,1,5,4
4262,1,5,0,5,0,1,1,0,1,7,0,1,2,2,7,7,0,2,1,4,2,3,0
4263,1,5,3,9,0,2,1,0,0,2,0,1,1,1,4,4,0,2,1,2,1,5,0
4264,1,5,0,9,0,2,1,0,0,2,0,1,1,1,4,4,0,2,1,2,1,5,1
4265,1,2,0,9,0,2,1,0,0,3,0,1,1,1,0,6,0,2,1,2,1,5,1
4266,1,5,3,3,0,2,1,0,0,2,0,1,1,1,6,4,0,2,1,2,1,4,1
4267,1,2,0,3,0,2,1,0,0,2,0,1,1,1,6,4,0,2,1,2,1,4,1
4268,1,5,3,3,0,2,1,0,0,3,0,1,1,1,6,4,0,2,1,2,1,4,0
4269,1,5,0,9,0,2,1,0,0,3,0,1,1,1,0,4,0,2,1,2,1,5,1
4270,1,5,0,9,0,2,1,0,0,2,0,1,1,1,0,6,0,2,1,2,1,4,4
4271,1,5,3,3,0,2,1,0,0,3,0,1,1,1,6,0,0,2,1,2,1,5,0
4272,1,5,3,9,0,2,1,0,0,2,0,1,1,1,4,6,0,2,1,2,1,4,0
4273,1,2,3,3,0,2,1,0,0,2,0,1,1,1,0,0,0,2,1,2,1,5,4
4274,1,2,3,3,0,2,1,0,0,7,0,1,1,1,6,4,0,2,1,2,1,4,0
4275,1,5,0,9,0,2,1,0,0,3,0,1,1,1,0,4,0,2,1,2,1,5,4
4276,0,3,3,4,0,5,1,1,1,10,0,1,0,0,7,4,0,2,1,0,7,4,2
4277,1,2,0,3,0,2,1,0,0,7,0,1,1,1,4,4,0,2,1,2,1,5,4
4278,1,5,3,9,0,2,1,0,0,3,0,1,1,1,4,6,0,2,1,2,1,5,1
4279,1,2,0,9,0,2,1,0,0,7,0,1,1,1,6,6,0,2,1,2,1,5,1
4280,1,5,3,3,0,2,1,0,0,3,0,1,1,1,4,0,0,2,1,2,1,4,0
4281,1,5,0,3,0,2,1,0,0,3,0,1,1,1,0,6,0,2,1,2,1,5,4
4282,1,2,0,9,0,2,1,0,0,7,0,1,1,1,6,6,0,2,1,2,1,4,1
4284,1,2,0,9,0,2,1,0,0,7,0,1,1,1,4,0,0,2,1,2,1,4,4
4285,1,5,0,9,0,2,1,0,0,2,0,1,1,1,0,0,0,2,1,2,1,5,0
4286,1,5,3,3,0,2,1,0,0,7,0,1,1,1,6,0,0,2,1,2,1,5,0
4287,1,2,3,3,0,2,1,0,0,2,0,1,1,1,0,6,0,2,1,2,1,5,4
4288,1,5,0,9,0,2,1,0,0,2,0,1,1,1,0,0,0,2,1,2,1,4,0
4289,1,2,3,3,0,2,1,0,0,3,0,1,1,1,6,4,0,2,1,2,1,5,1
4290,1,2,3,3,0,2,1,0,0,3,0,1,1,1,4,0,0,2,1,2,1,4,1
4292,1,5,0,9,0,2,1,0,0,7,0,1,1,1,6,4,0,2,1,2,1,4,0
4293,1,2,0,9,0,2,1,0,0,7,0,1,1,1,6,4,0,2,1,2,1,4,4
4294,1,2,0,3,0,2,1,0,0,3,0,1,1,1,0,4,0,2,1,2,1,5,4
4295,1,2,0,3,0,2,1,0,0,7,0,1,1,1,4,0,0,2,1,2,1,4,1
4296,1,5,0,9,0,2,1,0,0,3,0,1,1,1,4,6,0,2,1,2,1,5,4
4297,1,2,0,3,0,2,1,0,0,7,0,1,1,1,4,0,0,2,1,2,1,5,4
4298,1,5,3,3,0,2,1,0,0,2,0,1,1,1,6,6,0,2,1,2,1,5,1
4299,1,2,3,9,0,2,1,0,0,2,0,1,1,1,0,4,0,2,1,2,1,5,1
4300,1,2,0,3,0,2,1,0,0,3,0,1,1,1,4,4,0,2,1,2,1,5,0
4301,1,5,0,9,0,2,1,0,0,2,0,1,1,1,6,6,0,2,1,2,1,4,0
4302,1,2,0,3,0,2,1,0,0,2,0,1,1,1,4,4,0,2,1,2,1,4,1
4303,1,2,0,3,0,2,1,0,0,2,0,1,1,1,6,4,0,2,1,2,1,5,0
4304,1,2,0,9,0,2,1,0,0,3,0,1,1,1,6,0,0,2,1,2,1,5,1
4305,0,2,3,3,1,5,1,0,0,10,1,1,2,2,6,7,0,2,1,4,3,5,0
4306,1,2,3,3,0,2,1,0,0,3,0,1,1,1,6,0,0,2,1,2,1,5,0
4307,1,2,3,3,0,2,1,0,0,2,0,1,1,1,4,6,0,2,1,2,1,4,0
4308,1,2,3,3,0,2,1,0,0,2,0,1,1,1,0,4,0,2,1,2,1,4,1
4309,1,5,3,9,0,2,1,0,0,7,0,1,1,1,6,0,0,2,1,2,1,4,1
4310,1,5,3,3,0,2,1,0,0,7,0,1,1,1,0,4,0,2,1,2,1,5,1
4311,1,5,3,9,0,2,1,0,0,2,0,1,1,1,6,0,0,2,1,2,1,5,4
4312,1,2,0,9,0,2,1,0,0,7,0,1,1,1,0,0,0,2,1,2,1,5,0
4313,1,5,0,9,0,2,1,0,0,2,0,1,1,1,6,4,0,2,1,2,1,4,1
4314,1,5,3,9,0,2,1,0,0,7,0,1,1,1,4,0,0,2,1,2,1,5,4
4315,1,2,0,3,0,2,1,0,0,7,0,1,1,1,0,6,0,2,1,2,1,4,1
4316,1,5,0,9,0,2,1,0,0,3,0,1,1,1,6,0,0,2,1,2,1,4,0
4317,1,2,0,3,0,2,1,0,0,3,0,1,1,1,0,0,0,2,1,2,1,4,1
4318,1,2,3,3,0,2,1,0,0,2,0,1,1,1,0,6,0,2,1,2,1,5,0
4319,1,2,0,3,0,2,1,0,0,3,0,1,1,1,4,4,0,2,1,2,1,5,1
4320,1,2,3,9,0,2,1,0,0,3,0,1,1,1,6,6,0,2,1,2,1,4,1
4321,1,2,0,3,0,2,1,0,0,7,0,1,1,1,6,0,0,2,1,2,1,5,1
4322,1,5,0,9,0,2,1,0,0,2,0,1,1,1,0,6,0,2,1,2,1,5,4
4323,1,2,3,3,0,2,1,0,0,7,0,1,1,1,4,0,0,2,1,2,1,5,1
4324,1,2,3,3,0,2,1,0,0,3,0,1,1,1,0,0,0,2,1,2,1,5,1
4325,1,2,3,3,0,2,1,0,0,7,0,1,1,1,4,0,0,2,1,2,1,4,4
4327,1,2,3,9,0,2,1,0,0,7,0,1,1,1,4,0,0,2,1,2,1,5,1
4328,1,5,0,9,0,2,1,0,0,2,0,1,1,1,0,6,0,2,1,2,1,5,0
4330,1,2,3,9,0,2,1,0,0,3,0,1,1,1,0,4,0,2,1,2,1,4,0
4332,1,2,0,9,0,2,1,0,0,7,0,1,1,1,0,6,0,2,1,2,1,5,0
4333,1,5,3,3,0,2,1,0,0,3,0,1,1,1,0,4,0,2,1,2,1,4,0
4334,1,5,3,3,0,2,1,0,0,3,0,1,1,1,0,6,0,2,1,2,1,5,1
4335,1,2,3,3,0,2,1,0,0,2,0,1,1,1,4,6,0,2,1,2,1,5,1
4336,1,5,0,9,0,2,1,0,0,7,0,1,1,1,6,6,0,2,1,2,1,4,0
4337,1,5,0,3,0,2,1,0,0,2,0,1,1,1,4,6,0,2,1,2,1,4,0
4338,1,5,3,3,0,2,1,0,0,2,0,1,1,1,4,0,0,2,1,2,1,4,0
4339,1,5,3,3,0,2,1,0,0,7,0,1,1,1,4,4,0,2,1,2,1,5,1
4340,1,5,3,3,0,2,1,0,0,2,0,1,1,1,6,4,0,2,1,2,1,5,1
4341,0,2,3,2,1,5,1,0,0,10,1,1,2,2,3,6,0,2,1,4,2,5,0
4342,1,2,0,9,0,2,1,0,0,3,0,1,1,1,4,4,0,2,1,2,1,5,4
4343,1,5,3,9,0,2,1,0,0,3,0,1,1,1,6,6,0,2,1,2,1,4,1
4344,1,2,0,9,0,2,1,0,0,2,0,1,1,1,4,4,0,2,1,2,1,4,1
4345,1,5,0,9,0,2,1,0,0,7,0,1,1,1,0,0,0,2,1,2,1,4,4
4346,1,2,0,3,0,2,1,0,0,3,0,1,1,1,4,0,0,2,1,2,1,5,1
4347,1,2,0,3,0,2,1,0,0,3,0,1,1,1,6,6,0,2,1,2,1,4,1
4348,1,5,3,9,0,2,1,0,0,2,0,1,1,1,6,6,0,2,1,2,1,5,1
4349,1,2,2,0,1,2,1,0,0,10,1,1,2,2,7,7,0,2,1,4,1,3,5
4350,1,5,3,3,0,2,1,0,0,7,0,1,1,1,6,0,0,2,1,2,1,4,1
4351,1,5,3,9,0,2,1,0,0,2,0,1,1,1,4,4,0,2,1,2,1,4,4
4352,1,2,0,3,0,2,1,0,0,2,0,1,1,1,4,4,0,2,1,2,1,4,4
4353,1,2,3,3,0,2,1,0,0,2,0,1,1,1,0,4,0,2,1,2,1,5,0
4354,1,2,0,9,0,2,1,0,0,7,0,1,1,1,6,0,0,2,1,2,1,4,0
4355,1,2,3,3,0,2,1,0,0,3,0,1,1,1,4,4,0,2,1,2,1,5,1
4356,1,5,3,3,0,2,1,0,0,7,0,1,1,1,0,4,0,2,1,2,1,4,1
4358,1,2,0,3,0,2,1,0,0,2,0,1,1,1,6,6,0,2,1,2,1,4,0
4359,1,2,0,9,0,2,1,0,0,7,0,1,1,1,4,6,0,2,1,2,1,5,0
4360,1,2,3,3,0,2,1,0,0,2,0,1,1,1,4,4,0,2,1,2,1,5,0
4361,1,5,3,9,0,2,1,0,0,2,0,1,1,1,6,6,0,2,1,2,1,5,4
4362,1,2,3,3,0,2,1,0,0,2,0,1,1,1,4,4,0,2,1,2,1,4,0
4363,1,5,0,9,0,2,1,0,0,3,0,1,1,1,0,0,0,2,1,2,1,5,1
4364,1,0,3,8,1,5,1,1,1,10,0,1,2,2,7,7,0,2,1,4,7,1,2
4365,1,2,2,0,1,2,1,0,0,3,1,1,2,2,7,7,0,2,1,4,1,4,5
4366,1,5,3,9,0,2,1,0,0,7,0,1,1,1,0,6,0,2,1,2,1,5,4
4367,1,2,3,3,0,2,1,0,0,2,0,1,1,1,0,0,0,2,1,2,1,5,0
4368,1,2,3,3,0,2,1,0,0,2,0,1,1,1,6,6,0,2,1,2,1,4,4
4369,1,2,3,9,0,2,1,0,0,7,0,1,1,1,0,6,0,2,1,2,1,4,4
4370,1,2,0,3,0,2,1,0,0,2,0,1,1,1,4,4,0,2,1,2,1,5,0
4371,1,5,3,9,0,2,1,0,0,3,0,1,1,1,6,6,0,2,1,2,1,4,0
4372,1,5,0,9,0,2,1,0,0,7,0,1,1,1,0,6,0,2,1,2,1,4,1
4373,1,2,0,3,0,2,1,0,0,7,0,1,1,1,0,6,0,2,1,2,1,5,1
4374,1,5,2,8,1,2,1,0,0,10,1,1,0,0,7,7,0,2,1,4,1,3,5
4375,0,2,3,3,1,5,1,0,0,5,1,1,2,2,3,6,0,2,1,4,3,4,0
4377,1,2,3,3,0,2,1,0,0,7,0,1,1,1,6,6,0,2,1,2,1,5,0
4378,1,2,0,3,0,2,1,0,0,2,0,1,1,1,6,4,0,2,1,2,1,5,1
4379,0,2,3,2,1,5,1,0,0,5,1,1,2,2,6,3,0,2,1,4,2,4,0
4381,1,5,3,9,0,2,1,0,0,3,0,1,1,1,4,4,0,2,1,2,1,5,1
4382,1,5,3,9,0,2,1,0,0,2,0,1,1,1,0,4,0,2,1,2,1,5,0
4383,1,5,3,9,0,2,1,0,0,3,0,1,1,1,4,0,0,2,1,2,1,4,4
4384,1,5,3,9,0,2,1,0,0,7,0,1,1,1,4,4,0,2,1,2,1,5,1
4385,1,2,0,9,0,2,1,0,0,2,0,1,1,1,0,4,0,2,1,2,1,5,1
4386,1,2,3,3,0,2,1,0,0,7,0,1,1,1,0,0,0,2,1,2,1,5,1
4387,1,5,0,3,0,2,1,0,0,7,0,1,1,1,4,4,0,2,1,2,1,5,1
4388,1,2,3,9,0,2,1,0,0,7,0,1,1,1,0,0,0,2,1,2,1,4,1
4389,1,5,3,3,0,2,1,0,0,3,0,1,1,1,6,6,0,2,1,2,1,4,1
4390,1,5,3,9,0,2,1,0,0,2,0,1,1,1,6,4,0,2,1,2,1,5,1
4391,1,2,3,3,0,2,1,0,0,3,0,1,1,1,0,4,0,2,1,2,1,5,4
4392,1,2,3,9,0,2,1,0,0,3,0,1,1,1,4,0,0,2,1,2,1,5,1
4393,1,5,3,3,0,2,1,0,0,2,0,1,1,1,6,0,0,2,1,2,1,5,0
4394,1,2,3,3,0,2,1,0,0,3,0,1,1,1,6,6,0,2,1,2,1,4,0
4395,1,2,3,3,0,2,1,0,0,7,0,1,1,1,0,4,0,2,1,2,1,5,4
4397,1,5,0,3,0,2,1,0,0,2,0,1,1,1,4,4,0,2,1,2,1,4,1
4398,1,2,0,9,0,2,1,0,0,2,0,1,1,1,4,6,0,2,1,2,1,4,1
4399,1,2,0,9,0,2,1,0,0,3,0,1,1,1,6,4,0,2,1,2,1,5,1
4400,1,5,0,9,0,2,1,0,0,3,0,1,1,1,6,4,0,2,1,2,1,4,1
4401,1,2,0,9,0,2,1,0,0,3,0,1,1,1,0,0,0,2,1,2,1,4,1
4402,1,2,0,3,0,2,1,0,0,3,0,1,1,1,6,0,0,2,1,2,1,4,1
4403,1,2,3,3,0,2,1,0,0,7,0,1,1,1,0,0,0,2,1,2,1,5,0
4404,1,2,0,3,0,2,1,0,0,3,0,1,1,1,0,4,0,2,1,2,1,4,1
4405,1,2,0,9,0,2,1,0,0,3,0,1,1,1,0,4,0,2,1,2,1,5,0
4406,1,2,3,9,0,2,1,0,0,3,0,1,1,1,0,4,0,2,1,2,1,4,4
4407,1,2,0,3,0,2,1,0,0,2,0,1,1,1,6,4,0,2,1,2,1,4,4
4408,1,2,3,3,0,2,1,0,0,2,0,1,1,1,4,0,0,2,1,2,1,5,1
4409,1,2,0,9,0,2,1,0,0,2,0,1,1,1,4,0,0,2,1,2,1,5,0
4410,0,2,0,2,1,5,1,0,0,9,1,1,2,2,3,7,0,2,1,4,3,5,0
4411,1,2,2,0,1,2,1,0,0,3,1,1,2,0,7,7,0,2,1,4,1,4,5
4412,1,2,3,3,0,2,1,0,0,2,0,1,1,1,6,4,0,2,1,2,1,4,0
4413,1,2,0,3,0,2,1,0,0,3,0,1,1,1,6,6,0,2,1,2,1,4,4
4414,1,5,3,9,0,2,1,0,0,7,0,1,1,1,6,0,0,2,1,2,1,5,1
4415,1,2,0,9,0,2,1,0,0,7,0,1,1,1,6,0,0,2,1,2,1,5,4
4416,1,2,3,9,0,2,1,0,0,3,0,1,1,1,4,4,0,2,1,2,1,4,0
4417,0,2,3,4,1,5,1,0,0,9,1,1,2,2,7,3,0,2,1,4,2,4,0
4418,1,2,3,9,0,2,1,0,0,3,0,1,1,1,0,4,0,2,1,2,1,5,1
4420,1,5,3,9,0,2,1,0,0,7,0,1,1,1,4,6,0,2,1,2,1,5,1
4421,1,5,0,9,0,2,1,0,0,7,0,1,1,1,6,0,0,2,1,2,1,5,0
4422,1,5,3,9,0,2,1,0,0,3,0,1,1,1,6,4,0,2,1,2,1,5,1
4423,1,2,3,3,0,2,1,0,0,2,0,1,1,1,0,0,0,2,1,2,1,4,4
4424,0,2,0,2,1,5,1,0,0,5,1,1,2,2,3,3,0,2,1,4,2,5,0
4425,1,2,0,9,0,2,1,0,0,7,0,1,1,1,6,4,0,2,1,2,1,4,0
4426,1,2,0,9,0,2,1,0,0,7,0,1,1,1,0,4,0,2,1,2,1,4,1
4427,1,5,3,9,0,2,1,0,0,3,0,1,1,1,4,4,0,2,1,2,1,4,0
4428,1,5,0,9,0,2,1,0,0,7,0,1,1,1,4,0,0,2,1,2,1,4,1
4430,1,2,0,9,0,2,1,0,0,7,0,1,1,1,6,0,0,2,1,2,1,4,4
4431,1,5,3,9,0,2,1,0,0,3,0,1,1,1,4,0,0,2,1,2,1,4,1
4432,1,2,0,9,0,2,1,0,0,2,0,1,1,1,4,4,0,2,1,2,1,4,4
4433,1,2,0,9,0,2,1,0,0,2,0,1,1,1,4,0,0,2,1,2,1,4,0
4434,1,2,3,3,0,2,1,0,0,7,0,1,1,1,0,6,0,2,1,2,1,4,4
4435,1,2,3,3,0,2,1,0,0,3,0,1,1,1,0,0,0,2,1,2,1,4,1
4436,1,2,3,3,0,2,1,0,0,3,0,1,1,1,0,4,0,2,1,2,1,4,0
4437,1,2,0,3,0,2,1,0,0,2,0,1,1,1,0,4,0,2,1,2,1,4,1
4438,1,5,2,3,0,1,1,0,1,7,0,1,2,2,7,7,0,2,1,4,2,4,0
4439,1,5,3,9,0,2,1,0,0,2,0,1,1,1,0,6,0,2,1,2,1,5,1
4440,1,2,2,3,1,2,1,0,0,3,1,1,0,0,7,7,0,2,1,4,1,3,5
4441,1,5,3,3,0,2,1,0,0,7,0,1,1,1,4,4,0,2,1,2,1,4,1
4442,1,5,3,9,0,2,1,0,0,7,0,1,1,1,6,0,0,2,1,2,1,5,4
4443,1,5,3,9,0,2,1,0,0,3,0,1,1,1,4,0,0,2,1,2,1,5,0
4444,0,2,3,3,1,5,1,0,0,9,1,1,2,2,6,3,0,2,1,4,2,5,0
4445,1,2,0,3,0,2,1,0,0,2,0,1,1,1,0,4,0,2,1,2,1,5,0
4446,1,2,3,9,0,2,1,0,0,3,0,1,1,1,4,6,0,2,1,2,1,4,1
4447,1,2,3,3,0,2,1,0,0,3,0,1,1,1,4,0,0,2,1,2,1,5,4
4448,1,5,3,9,0,2,1,0,0,3,0,1,1,1,0,0,0,2,1,2,1,5,1
4449,1,5,3,3,0,2,1,0,0,7,0,1,1,1,0,6,0,2,1,2,1,5,0
4450,1,5,0,9,0,2,1,0,0,7,0,1,1,1,0,6,0,2,1,2,1,5,4
4451,0,2,3,4,1,5,1,0,0,5,1,1,2,2,3,3,0,2,1,4,3,4,0
4452,1,5,3,3,0,2,1,0,0,2,0,1,1,1,4,4,0,2,1,2,1,5,1
4453,1,2,0,9,0,2,1,0,0,2,0,1,1,1,0,6,0,2,1,2,1,4,1
4454,1,5,3,3,0,2,1,0,0,7,0,1,1,1,6,4,0,2,1,2,1,4,4
4455,1,5,3,9,0,2,1,0,0,7,0,1,1,1,6,6,0,2,1,2,1,5,1
4456,1,2,0,3,0,2,1,0,0,2,0,1,1,1,4,0,0,2,1,2,1,5,4
4457,1,2,0,3,0,2,1,0,0,3,0,1,1,1,6,0,0,2,1,2,1,5,1
4458,1,5,3,9,0,2,1,0,0,3,0,1,1,1,0,4,0,2,1,2,1,5,1
4460,1,5,3,9,0,2,1,0,0,7,0,1,1,1,0,0,0,2,1,2,1,5,4
4462,1,2,3,3,0,2,1,0,0,7,0,1,1,1,4,4,0,2,1,2,1,5,4
4463,1,5,3,3,0,2,1,0,0,2,0,1,1,1,4,4,0,2,1,2,1,5,4
4464,1,2,3,9,0,2,1,0,0,3,0,1,1,1,0,0,0,2,1,2,1,4,1
4465,1,2,3,3,0,2,1,0,0,2,0,1,1,1,6,6,0,2,1,2,1,4,0
4466,1,2,0,3,0,2,1,0,0,3,0,1,1,1,0,6,0,2,1,2,1,5,1
4467,1,2,3,9,0,2,1,0,0,3,0,1,1,1,4,4,0,2,1,2,1,5,1
4468,1,5,0,9,0,2,1,0,0,2,0,1,1,1,4,0,0,2,1,2,1,5,0
4469,1,5,2,8,1,2,1,0,0,7,1,1,0,0,7,7,0,2,1,4,1,4,5
4470,1,5,3,9,0,2,1,0,0,2,0,1,1,1,6,0,0,2,1,2,1,4,1
4471,1,2,0,9,0,2,1,0,0,2,0,1,1,1,6,6,0,2,1,2,1,5,4
4472,1,5,0,9,0,2,1,0,0,7,0,1,1,1,6,4,0,2,1,2,1,5,1
4473,1,5,3,9,0,2,1,0,0,2,0,1,1,1,4,0,0,2,1,2,1,4,4
4474,1,2,3,9,0,2,1,0,0,3,0,1,1,1,0,4,0,2,1,2,1,4,1
4475,1,5,3,9,0,2,1,0,0,3,0,1,1,1,4,0,0,2,1,2,1,5,1
4476,1,5,3,9,0,2,1,0,0,7,0,1,1,1,0,4,0,2,1,2,1,4,4
4477,1,2,3,3,0,2,1,0,0,7,0,1,1,1,6,4,0,2,1,2,1,5,4
4478,1,2,0,9,0,2,1,0,0,3,0,1,1,1,0,0,0,2,1,2,1,5,4
4479,1,2,0,3,0,2,1,0,0,3,0,1,1,1,0,0,0,2,1,2,1,4,4
4480,0,2,3,4,1,5,1,0,0,7,1,1,2,2,7,6,0,2,1,4,2,5,0
4481,1,5,3,9,0,2,1,0,0,3,0,1,1,1,0,6,0,2,1,2,1,4,0
4482,1,5,3,3,0,2,1,0,0,2,0,1,1,1,4,4,0,2,1,2,1,4,4
4483,1,2,3,3,0,2,1,0,0,3,0,1,1,1,0,6,0,2,1,2,1,4,1
4484,1,2,3,3,0,2,1,0,0,2,0,1,1,1,6,0,0,2,1,2,1,4,1
4485,1,5,3,9,0,2,1,0,0,2,0,1,1,1,0,6,0,2,1,2,1,5,0
4486,1,2,0,3,0,2,1,0,0,2,0,1,1,1,4,0,0,2,1,2,1,4,4
4487,1,5,3,3,0,2,1,0,0,7,0,1,1,1,6,6,0,2,1,2,1,4,0
4488,1,5,3,9,0,2,1,0,0,7,0,1,1,1,0,4,0,2,1,2,1,4,0
4489,1,5,0,9,0,2,1,0,0,3,0,1,1,1,4,4,0,2,1,2,1,5,0
4490,1,2,0,9,0,2,1,0,0,2,0,1,1,1,6,4,0,2,1,2,1,5,0
4491,0,2,0,1,0,5,1,1,1,10,0,1,2,0,7,4,0,2,1,0,7,4,2
4492,1,2,3,3,0,2,1,0,0,3,0,1,1,1,6,0,0,2,1,2,1,4,1
4493,1,5,3,3,0,2,1,0,0,7,0,1,1,1,6,4,0,2,1,2,1,5,4
4495,1,2,0,9,0,2,1,0,0,3,0,1,1,1,6,0,0,2,1,2,1,5,4
4496,1,5,2,3,1,2,1,0,0,7,1,1,0,2,7,7,0,2,1,4,1,4,1
4499,1,5,2,3,0,1,1,1,1,9,0,1,2,2,7,7,0,2,1,4,2,4,0
4500,1,5,0,9,0,2,1,0,0,2,0,1,1,1,4,4,0,2,1,2,1,5,0
4501,1,2,3,3,0,2,1,0,0,3,0,1,1,1,0,4,0,2,1,2,1,4,1
4502,1,2,3,3,0,2,1,0,0,2,0,1,1,1,6,0,0,2,1,2,1,5,0
4503,1,5,3,9,0,2,1,0,0,7,0,1,1,1,4,0,0,2,1,2,1,4,1
4504,1,5,3,9,0,2,1,0,0,7,0,1,1,1,0,0,0,2,1,2,1,4,1
4505,1,5,3,3,0,2,1,0,0,7,0,1,1,1,0,0,0,2,1,2,1,5,0
4506,1,2,3,3,0,2,1,0,0,2,0,1,1,1,6,6,0,2,1,2,1,5,0
4507,1,2,3,3,0,2,1,0,0,3,0,1,1,1,0,4,0,2,1,2,1,5,1
4508,1,2,0,9,0,2,1,0,0,2,0,1,1,1,6,4,0,2,1,2,1,5,1
4509,1,5,0,9,0,2,1,0,0,7,0,1,1,1,0,0,0,2,1,2,1,4,0
4510,1,2,0,9,0,2,1,0,0,7,0,1,1,1,0,4,0,2,1,2,1,4,4
4511,1,2,0,3,0,2,1,0,0,7,0,1,1,1,6,0,0,2,1,2,1,5,4
4512,1,2,0,9,0,2,1,0,0,3,0,1,1,1,0,6,0,2,1,2,1,5,4
4513,1,2,3,9,0,2,1,0,0,3,0,1,1,1,4,4,0,2,1,2,1,5,0
4514,1,2,0,9,0,2,1,0,0,3,0,1,1,1,4,4,0,2,1,2,1,4,4
4515,1,2,0,9,0,2,1,0,0,3,0,1,1,1,0,6,0,2,1,2,1,4,0
4516,1,5,3,3,0,2,1,0,0,3,0,1,1,1,0,6,0,2,1,2,1,4,1
4517,1,5,3,3,0,2,1,0,0,7,0,1,1,1,0,0,0,2,1,2,1,4,1
4518,1,5,3,3,0,2,1,0,0,2,0,1,1,1,0,4,0,2,1,2,1,4,0
4520,1,2,0,3,0,2,1,0,0,2,0,1,1,1,6,4,0,2,1,2,1,4,0
4521,1,5,0,9,0,2,1,0,0,2,0,1,1,1,6,0,0,2,1,2,1,4,0
4523,1,5,3,3,0,2,1,0,0,2,0,1,1,1,0,0,0,2,1,2,1,5,0
4524,1,2,3,3,0,2,1,0,0,3,0,1,1,1,4,0,0,2,1,2,1,4,4
4525,1,2,3,3,0,2,1,0,0,7,0,1,1,1,6,4,0,2,1,2,1,5,0
4526,1,2,0,9,0,2,1,0,0,2,0,1,1,1,0,6,0,2,1,2,1,5,1
4527,1,5,3,9,0,2,1,0,0,2,0,1,1,1,4,4,0,2,1,2,1,4,0
4528,1,5,0,9,0,2,1,0,0,3,0,1,1,1,6,0,0,2,1,2,1,4,1
4529,1,2,0,3,0,2,1,0,0,3,0,1,1,1,4,4,0,2,1,2,1,5,4
4530,1,5,3,3,0,2,1,0,0,2,0,1,1,1,4,6,0,2,1,2,1,4,4
4531,1,2,0,9,0,2,1,0,0,3,0,1,1,1,0,0,0,2,1,2,1,5,1
4532,1,5,0,9,0,2,1,0,0,7,0,1,1,1,4,6,0,2,1,2,1,5,1
4535,1,2,3,9,0,2,1,0,0,3,0,1,1,1,0,6,0,2,1,2,1,5,0
4536,1,5,3,9,0,2,1,0,0,2,0,1,1,1,4,6,0,2,1,2,1,5,4
4537,1,5,3,3,0,2,1,0,0,2,0,1,1,1,6,0,0,2,1,2,1,4,1
4538,1,2,0,3,0,2,1,0,0,7,0,1,1,1,6,4,0,2,1,2,1,5,0
4539,1,2,3,3,0,2,1,0,0,3,0,1,1,1,4,4,0,2,1,2,1,4,1
4540,1,2,0,3,0,2,1,0,0,3,0,1,1,1,0,0,0,2,1,2,1,5,1
4541,1,2,3,3,0,2,1,0,0,7,0,1,1,1,4,4,0,2,1,2,1,4,1
4542,1,5,0,9,0,2,1,0,0,2,0,1,1,1,6,4,0,2,1,2,1,5,1
4543,1,2,0,9,0,2,1,0,0,3,0,1,1,1,6,6,0,2,1,2,1,4,0
4544,1,2,0,3,0,2,1,0,0,7,0,1,1,1,6,6,0,2,1,2,1,4,0
4545,1,2,3,9,0,2,1,0,0,3,0,1,1,1,4,0,0,2,1,2,1,4,1
4546,1,2,3,9,0,2,1,0,0,3,0,1,1,1,4,6,0,2,1,2,1,5,1
4547,1,2,0,3,0,2,1,0,0,3,0,1,1,1,4,6,0,2,1,2,1,4,1
4548,1,2,2,0,1,2,1,0,0,10,1,1,2,0,7,7,0,2,1,4,1,4,1
4549,1,2,2,8,1,5,1,0,0,2,0,1,2,2,7,7,0,2,2,4,5,4,3
4550,1,5,3,9,0,2,1,0,0,7,0,1,1,1,6,4,0,2,1,2,1,5,4
4551,1,2,0,9,0,2,1,0,0,7,0,1,1,1,0,0,0,2,1,2,1,4,4
4552,1,2,3,3,0,2,1,0,0,2,0,1,1,1,6,6,0,2,1,2,1,4,1
4553,1,5,3,9,0,2,1,0,0,3,0,1,1,1,4,6,0,2,1,2,1,4,0
4554,1,5,0,9,0,2,1,0,0,2,0,1,1,1,6,4,0,2,1,2,1,4,4
4555,1,5,0,9,0,2,1,0,0,2,0,1,1,1,6,0,0,2,1,2,1,5,0
4556,0,2,0,3,1,5,1,0,0,9,1,1,2,2,3,3,0,2,1,4,3,4,0
4558,1,5,3,3,0,2,1,0,0,3,0,1,1,1,6,6,0,2,1,2,1,5,0
4559,1,2,0,9,0,2,1,0,0,7,0,1,1,1,4,0,0,2,1,2,1,4,1
4560,1,5,3,9,0,2,1,0,0,7,0,1,1,1,4,0,0,2,1,2,1,4,0
4561,1,2,3,3,0,2,1,0,0,7,0,1,1,1,4,6,0,2,1,2,1,4,0
4562,1,5,3,9,0,2,1,0,0,3,0,1,1,1,4,6,0,2,1,2,1,5,4
4563,1,5,0,9,0,2,1,0,0,7,0,1,1,1,0,6,0,2,1,2,1,4,0
4564,1,5,3,9,0,2,1,0,0,2,0,1,1,1,0,4,0,2,1,2,1,5,4
4565,1,2,0,9,0,2,1,0,0,3,0,1,1,1,4,4,0,2,1,2,1,4,1
4566,1,5,3,3,0,2,1,0,0,2,0,1,1,1,6,4,0,2,1,2,1,5,4
4567,1,2,3,3,0,2,1,0,0,7,0,1,1,1,4,4,0,2,1,2,1,5,1
4568,1,2,3,3,0,2,1,0,0,2,0,1,1,1,6,4,0,2,1,2,1,4,4
4569,1,5,0,9,0,2,1,0,0,2,0,1,1,1,6,6,0,2,1,2,1,5,4
4570,0,2,0,2,1,5,1,0,0,10,1,1,2,2,7,3,0,2,1,4,3,4,0
4571,1,5,3,9,0,2,1,0,0,3,0,1,1,1,6,6,0,2,1,2,1,5,0
4572,1,2,0,3,0,2,1,0,0,2,0,1,1,1,4,0,0,2,1,2,1,4,0
4573,1,5,3,3,0,2,1,0,0,2,0,1,1,1,0,4,0,2,1,2,1,5,4
4574,1,2,3,3,0,2,1,0,0,2,0,1,1,1,0,6,0,2,1,2,1,4,4
4575,1,2,0,3,0,2,1,0,0,7,0,1,1,1,0,4,0,2,1,2,1,5,4
4576,1,2,0,3,0,2,1,0,0,7,0,1,1,1,4,0,0,2,1,2,1,5,0
4577,1,2,0,3,0,2,1,0,0,7,0,1,1,1,4,6,0,2,1,2,1,4,1
4578,1,2,3,3,0,2,1,0,0,3,0,1,1,1,6,4,0,2,1,2,1,5,0
4579,1,2,0,9,0,2,1,0,0,3,0,1,1,1,6,0,0,2,1,2,1,4,0
4580,1,5,0,9,0,2,1,0,0,3,0,1,1,1,6,6,0,2,1,2,1,5,0
4581,1,5,3,3,0,2,1,0,0,7,0,1,1,1,4,4,0,2,1,2,1,4,4
4582,1,5,3,3,0,2,1,0,0,7,0,1,1,1,0,4,0,2,1,2,1,5,4
4583,1,5,0,8,0,1,1,0,1,2,0,1,2,2,7,7,0,2,1,4,3,4,0
4584,1,2,0,3,0,2,1,0,0,7,0,1,1,1,0,6,0,2,1,2,1,5,0
4585,1,5,0,9,0,2,1,0,0,3,0,1,1,1,6,6,0,2,1,2,1,4,4
4586,1,2,3,3,0,2,1,0,0,7,0,1,1,1,6,6,0,2,1,2,1,4,0
4587,1,5,0,9,0,2,1,0,0,7,0,1,1,1,6,4,0,2,1,2,1,4,1
4588,1,2,3,3,0,2,1,0,0,3,0,1,1,1,6,4,0,2,1,2,1,4,0
4589,1,2,3,3,0,2,1,0,0,2,0,1,1,1,4,0,0,2,1,2,1,4,0
4590,1,2,0,9,0,2,1,0,0,2,0,1,1,1,0,4,0,2,1,2,1,5,4
4591,1,5,3,3,0,2,1,0,0,2,0,1,1,1,0,6,0,2,1,2,1,4,1
4592,1,2,3,9,0,2,1,0,0,7,0,1,1,1,4,0,0,2,1,2,1,4,1
4593,1,2,0,9,0,2,1,0,0,3,0,1,1,1,4,6,0,2,1,2,1,5,4
4594,1,5,0,9,0,2,1,0,0,3,0,1,1,1,0,6,0,2,1,2,1,4,0
4595,1,2,0,9,0,2,1,0,0,2,0,1,1,1,4,0,0,2,1,2,1,4,1
4596,1,5,3,9,0,2,1,0,0,7,0,1,1,1,0,4,0,2,1,2,1,5,4
4597,1,2,0,9,0,2,1,0,0,2,0,1,1,1,0,0,0,2,1,2,1,5,0
4598,1,5,0,9,0,2,1,0,0,7,0,1,1,1,0,0,0,2,1,2,1,4,1
4599,1,2,3,3,0,2,1,0,0,3,0,1,1,1,4,4,0,2,1,2,1,5,0
4600,1,2,0,3,0,2,1,0,0,7,0,1,1,1,6,0,0,2,1,2,1,5,0
4601,1,2,0,9,0,2,1,0,0,2,0,1,1,1,6,4,0,2,1,2,1,4,1
4602,1,2,0,3,0,2,1,0,0,7,0,1,1,1,0,0,0,2,1,2,1,4,0
4603,1,2,0,3,0,2,1,0,0,3,0,1,1,1,6,4,0,2,1,2,1,5,1
4604,1,2,0,9,0,2,1,0,0,2,0,1,1,1,6,4,0,2,1,2,1,4,0
4605,1,5,3,9,0,2,1,0,0,2,0,1,1,1,6,6,0,2,1,2,1,5,0
4606,1,5,3,9,0,2,1,0,0,7,0,1,1,1,0,6,0,2,1,2,1,4,0
4607,1,2,0,9,0,2,1,0,0,3,0,1,1,1,4,4,0,2,1,2,1,5,0
4608,1,5,3,9,0,2,1,0,0,3,0,1,1,1,0,0,0,2,1,2,1,4,0
4609,1,5,3,9,0,2,1,0,0,2,0,1,1,1,0,6,0,2,1,2,1,4,1
4612,1,5,0,9,0,2,1,0,0,3,0,1,1,1,0,6,0,2,1,2,1,4,1
4613,1,5,3,9,0,2,1,0,0,3,0,1,1,1,0,0,0,2,1,2,1,5,0
4614,1,2,3,3,0,2,1,0,0,7,0,1,1,1,4,0,0,2,1,2,1,5,0
4615,1,5,3,9,0,2,1,0,0,7,0,1,1,1,4,6,0,2,1,2,1,5,0
4616,1,2,3,3,0,2,1,0,0,7,0,1,1,1,6,0,0,2,1,2,1,4,4
4617,1,2,3,3,0,2,1,0,0,7,0,1,1,1,6,0,0,2,1,2,1,5,0
4618,1,2,0,3,0,2,1,0,0,7,0,1,1,1,6,0,0,2,1,2,1,4,4
4619,1,5,0,9,0,2,1,0,0,7,0,1,1,1,6,4,0,2,1,2,1,4,4
4620,1,2,0,9,0,2,1,0,0,7,0,1,1,1,0,4,0,2,1,2,1,5,1
4621,1,2,0,9,0,2,1,0,0,2,0,1,1,1,6,6,0,2,1,2,1,5,0
4622,1,2,3,3,0,2,1,0,0,3,0,1,1,1,6,0,0,2,1,2,1,4,4
4623,1,2,3,3,0,2,1,0,0,3,0,1,1,1,4,0,0,2,1,2,1,5,1
4624,1,2,0,3,0,2,1,0,0,2,0,1,1,1,4,0,0,2,1,2,1,5,1
4625,1,2,3,3,0,2,1,0,0,2,0,1,1,1,0,4,0,2,1,2,1,4,0
4626,1,2,0,3,0,2,1,0,0,3,0,1,1,1,6,0,0,2,1,2,1,4,0
4627,1,2,3,3,0,2,1,0,0,2,0,1,1,1,6,0,0,2,1,2,1,4,4
4628,1,5,0,3,0,1,1,0,1,9,0,1,2,2,7,7,0,2,1,4,2,3,0
4629,1,2,2,0,1,2,1,0,0,10,1,1,0,0,7,7,0,2,1,4,1,4,1
4630,0,2,0,2,1,5,1,0,0,10,1,1,2,2,3,7,0,2,1,4,2,4,0
4631,1,5,3,9,0,2,1,0,0,2,0,1,1,1,6,4,0,2,1,2,1,4,4
4632,1,5,3,3,0,2,1,0,0,7,0,1,1,1,6,4,0,2,1,2,1,5,0
4633,1,2,3,3,0,2,1,0,0,2,0,1,1,1,4,0,0,2,1,2,1,4,1
4634,0,2,0,3,1,5,1,0,0,9,1,1,2,2,6,7,0,2,1,4,2,4,0
4635,1,5,3,9,0,2,1,0,0,7,0,1,1,1,0,6,0,2,1,2,1,5,0
4636,1,5,3,9,0,2,1,0,0,7,0,1,1,1,6,0,0,2,1,2,1,4,4
4637,1,2,0,9,0,2,1,0,0,7,0,1,1,1,4,6,0,2,1,2,1,5,4
4638,1,5,0,9,0,2,1,0,0,3,0,1,1,1,0,6,0,2,1,2,1,4,4
4639,1,5,0,9,0,2,1,0,0,3,0,1,1,1,0,0,0,2,1,2,1,5,0
4640,1,5,3,3,0,2,1,0,0,3,0,1,1,1,4,6,0,2,1,2,1,4,1
4641,1,2,2,8,1,2,1,0,0,10,1,1,2,0,7,7,0,2,1,4,1,3,5
4642,1,5,3,3,0,2,1,0,0,7,0,1,1,1,6,4,0,2,1,2,1,4,0
4643,1,5,0,9,0,2,1,0,0,2,0,1,1,1,0,4,0,2,1,2,1,4,1
4644,1,2,3,3,0,2,1,0,0,2,0,1,1,1,6,6,0,2,1,2,1,5,4
4645,1,5,3,3,0,2,1,0,0,7,0,1,1,1,6,6,0,2,1,2,1,4,4
4646,1,5,0,9,0,2,1,0,0,7,0,1,1,1,4,0,0,2,1,2,1,4,0
4648,1,2,0,9,0,2,1,0,0,3,0,1,1,1,0,0,0,2,1,2,1,5,0
4649,1,2,3,3,0,2,1,0,0,7,0,1,1,1,0,0,0,2,1,2,1,4,1
4650,1,5,3,9,0,2,1,0,0,3,0,1,1,1,0,6,0,2,1,2,1,5,1
4651,1,2,0,3,0,2,1,0,0,2,0,1,1,1,0,4,0,2,1,2,1,5,1
4652,0,2,3,4,1,5,1,0,0,5,1,1,2,2,6,6,0,2,1,4,3,5,0
4653,1,5,0,9,0,2,1,0,0,3,0,1,1,1,6,4,0,2,1,2,1,4,4
4654,1,2,0,3,0,2,1,0,0,3,0,1,1,1,4,6,0,2,1,2,1,5,0
4655,1,5,3,3,0,2,1,0,0,3,0,1,1,1,4,0,0,2,1,2,1,5,4
4656,1,2,0,9,0,2,1,0,0,7,0,1,1,1,4,4,0,2,1,2,1,5,1
4657,1,5,0,9,0,2,1,0,0,3,0,1,1,1,0,0,0,2,1,2,1,4,0
4658,1,5,3,9,0,2,1,0,0,2,0,1,1,1,0,4,0,2,1,2,1,4,4
4659,1,5,0,9,0,2,1,0,0,2,0,1,1,1,0,4,0,2,1,2,1,4,4
4660,1,2,3,3,0,2,1,0,0,2,0,1,1,1,4,6,0,2,1,2,1,4,1
4661,1,5,2,8,1,2,1,0,0,3,1,1,0,0,7,7,0,2,1,4,1,3,5
4664,1,5,3,9,0,2,1,0,0,7,0,1,1,1,0,4,0,2,1,2,1,4,1
4665,1,5,3,3,0,2,1,0,0,7,0,1,1,1,4,6,0,2,1,2,1,5,0
4666,1,5,0,9,0,2,1,0,0,7,0,1,1,1,6,6,0,2,1,2,1,5,4
4667,1,2,0,3,0,2,1,0,0,3,0,1,1,1,6,4,0,2,1,2,1,5,0
4668,1,5,3,3,0,2,1,0,0,2,0,1,1,1,6,0,0,2,1,2,1,5,4
4669,1,2,0,3,0,2,1,0,0,3,0,1,1,1,0,4,0,2,1,2,1,5,1
4670,1,2,0,9,0,2,1,0,0,7,0,1,1,1,6,4,0,2,1,2,1,5,1
4671,1,5,3,3,0,2,1,0,0,3,0,1,1,1,6,6,0,2,1,2,1,5,4
4672,1,2,3,3,0,2,1,0,0,2,0,1,1,1,4,0,0,2,1,2,1,5,4
4674,1,2,0,3,0,2,1,0,0,3,0,1,1,1,6,4,0,2,1,2,1,5,4
4675,1,5,3,9,0,2,1,0,0,2,0,1,1,1,0,6,0,2,1,2,1,5,4
4676,1,5,3,3,0,2,1,0,0,2,0,1,1,1,4,0,0,2,1,2,1,5,4
4677,1,2,0,9,0,2,1,0,0,2,0,1,1,1,0,4,0,2,1,2,1,4,1
4678,1,5,0,9,0,2,1,0,0,7,0,1,1,1,6,4,0,2,1,2,1,5,0
4679,1,2,3,3,0,2,1,0,0,2,0,1,1,1,4,0,0,2,1,2,1,5,0
4680,1,2,3,9,0,2,1,0,0,2,0,1,1,1,4,6,0,2,1,2,1,5,4
4681,1,5,3,3,0,2,1,0,0,7,0,1,1,1,0,6,0,2,1,2,1,5,1
4682,1,5,3,3,0,2,1,0,0,2,0,1,1,1,0,4,0,2,1,2,1,5,0
4683,1,2,0,9,0,2,1,0,0,2,0,1,1,1,4,6,0,2,1,2,1,5,4
4684,1,2,0,3,0,2,1,0,0,7,0,1,1,1,0,4,0,2,1,2,1,5,0
4685,1,5,3,3,0,2,1,0,0,3,0,1,1,1,0,4,0,2,1,2,1,5,4
4686,1,2,0,9,0,2,1,0,0,7,0,1,1,1,6,6,0,2,1,2,1,4,4
4687,1,2,3,3,0,2,1,0,0,3,0,1,1,1,4,6,0,2,1,2,1,4,0
4688,1,5,3,3,0,2,1,0,0,7,0,1,1,1,4,6,0,2,1,2,1,5,1
4689,1,2,0,3,0,2,1,0,0,3,0,1,1,1,0,0,0,2,1,2,1,4,0
4690,1,5,3,3,0,2,1,0,0,3,0,1,1,1,4,6,0,2,1,2,1,5,1
4691,1,2,0,3,0,2,1,0,0,7,0,1,1,1,6,4,0,2,1,2,1,4,0
4692,1,5,3,9,0,2,1,0,0,2,0,1,1,1,0,0,0,2,1,2,1,5,4
4693,1,5,0,9,0,2,1,0,0,7,0,1,1,1,6,6,0,2,1,2,1,5,1
4694,1,5,3,3,0,2,1,0,0,3,0,1,1,1,0,6,0,2,1,2,1,4,4
4695,1,2,0,9,0,2,1,0,0,3,0,1,1,1,4,6,0,2,1,2,1,4,4
4696,0,2,3,4,1,5,1,0,0,5,1,1,2,2,7,3,0,2,1,4,3,5,0
4697,1,2,0,3,0,2,1,0,0,3,0,1,1,1,6,0,0,2,1,2,1,5,0
4698,1,5,3,9,0,2,1,0,0,3,0,1,1,1,4,4,0,2,1,2,1,5,4
4699,1,5,2,3,1,2,1,0,0,3,1,1,0,0,7,7,0,2,1,4,1,3,1
4700,1,2,3,9,0,2,1,0,0,3,0,1,1,1,4,4,0,2,1,2,1,4,4
4701,1,5,3,9,0,2,1,0,0,7,0,1,1,1,4,6,0,2,1,2,1,4,4
4702,1,5,0,8,0,1,1,0,1,2,0,1,2,2,7,7,0,2,1,4,2,3,0
4703,1,5,0,9,0,2,1,0,0,2,0,1,1,1,4,6,0,2,1,2,1,5,0
4704,1,2,2,0,1,2,1,0,0,3,1,1,0,2,7,7,0,2,1,4,1,3,5
4705,1,5,3,9,0,2,1,0,0,3,0,1,1,1,6,0,0,2,1,2,1,5,1
4706,1,5,3,3,0,2,1,0,0,3,0,1,1,1,4,6,0,2,1,2,1,5,0
4707,1,2,0,9,0,2,1,0,0,2,0,1,1,1,0,0,0,2,1,2,1,5,1
4708,1,2,2,5,1,5,1,0,0,10,0,1,2,2,7,7,0,2,2,4,5,4,1
4709,1,2,2,0,1,2,1,0,0,7,1,1,0,0,7,7,0,2,1,4,1,4,5
4710,1,5,3,3,0,2,1,0,0,2,0,1,1,1,0,0,0,2,1,2,1,4,1
4711,1,5,3,3,0,2,1,0,0,3,0,1,1,1,6,0,0,2,1,2,1,5,1
4712,1,5,3,3,0,2,1,0,0,7,0,1,1,1,0,6,0,2,1,2,1,4,1
4713,1,2,0,3,0,2,1,0,0,2,0,1,1,1,6,4,0,2,1,2,1,5,4
4714,1,2,0,3,0,2,1,0,0,2,0,1,1,1,6,6,0,2,1,2,1,4,4
4715,1,5,0,9,0,2,1,0,0,3,0,1,1,1,6,6,0,2,1,2,1,5,4
4716,1,2,0,9,0,2,1,0,0,3,0,1,1,1,6,4,0,2,1,2,1,4,4
4718,1,5,0,9,0,2,1,0,0,2,0,1,1,1,0,0,0,2,1,2,1,5,1
4719,0,2,0,2,1,5,1,0,0,10,1,1,2,2,3,7,0,2,1,4,3,4,0
4720,1,2,0,9,0,2,1,0,0,2,0,1,1,1,4,6,0,2,1,2,1,5,1
4721,1,5,0,9,0,2,1,0,0,2,0,1,1,1,6,6,0,2,1,2,1,4,1
4723,1,5,3,3,0,2,1,0,0,2,0,1,1,1,0,0,0,2,1,2,1,5,1
4724,1,5,0,9,0,2,1,0,0,7,0,1,1,1,0,6,0,2,1,2,1,5,0
4725,1,2,0,3,0,2,1,0,0,7,0,1,1,1,6,6,0,2,1,2,1,5,1
4726,1,5,3,3,0,2,1,0,0,2,0,1,1,1,0,0,0,2,1,2,1,4,4
4727,1,5,3,3,0,2,1,0,0,3,0,1,1,1,0,0,0,2,1,2,1,5,1
4728,1,5,0,9,0,2,1,0,0,3,0,1,1,1,0,6,0,2,1,2,1,5,0
4729,1,2,0,9,0,2,1,0,0,3,0,1,1,1,4,4,0,2,1,2,1,5,1
4730,1,2,3,3,0,2,1,0,0,2,0,1,1,1,4,6,0,2,1,2,1,4,4
4731,1,2,3,3,0,2,1,0,0,3,0,1,1,1,6,0,0,2,1,2,1,5,1
4732,0,2,3,4,1,5,1,0,0,5,1,1,2,2,6,7,0,2,1,4,3,5,0
4733,1,5,3,9,0,2,1,0,0,2,0,1,1,1,4,6,0,2,1,2,1,4,1
4734,0,2,0,2,1,5,1,0,0,10,1,1,2,2,7,7,0,2,1,4,2,5,0
4735,1,5,0,9,0,2,1,0,0,3,0,1,1,1,0,4,0,2,1,2,1,5,0
4736,1,5,3,3,0,2,1,0,0,3,0,1,1,1,6,0,0,2,1,2,1,5,4
4737,1,2,3,3,0,2,1,0,0,3,0,1,1,1,6,4,0,2,1,2,1,5,4
4738,1,5,0,9,0,2,1,0,0,7,0,1,1,1,6,0,0,2,1,2,1,5,4
4739,1,2,0,3,0,2,1,0,0,3,0,1,1,1,4,0,0,2,1,2,1,4,0
4740,1,2,0,3,0,2,1,0,0,7,0,1,1,1,6,0,0,2,1,2,1,4,0
4741,1,2,3,3,0,2,1,0,0,7,0,1,1,1,4,0,0,2,1,2,1,5,4
4742,1,2,3,3,0,2,1,0,0,2,0,1,1,1,6,4,0,2,1,2,1,5,1
4743,1,5,0,9,0,2,1,0,0,2,0,1,1,1,0,6,0,2,1,2,1,4,0
4744,1,5,3,9,0,2,1,0,0,3,0,1,1,1,6,4,0,2,1,2,1,5,4
4745,1,2,0,9,0,2,1,0,0,2,0,1,1,1,4,6,0,2,1,2,1,4,0
4746,1,5,3,3,0,2,1,0,0,2,0,1,1,1,0,6,0,2,1,2,1,5,0
4747,1,2,0,9,0,2,1,0,0,2,0,1,1,1,6,0,0,2,1,2,1,5,4
4748,1,2,3,3,0,2,1,0,0,2,0,1,1,1,0,6,0,2,1,2,1,4,0
4749,1,5,0,5,0,1,1,1,1,7,0,1,2,2,7,7,0,2,1,4,2,3,0
4750,1,2,0,9,0,2,1,0,0,2,0,1,1,1,6,0,0,2,1,2,1,4,0
4751,1,5,3,3,0,2,1,0,0,3,0,1,1,1,4,6,0,2,1,2,1,4,0
4752,1,5,3,9,0,2,1,0,0,7,0,1,1,1,0,6,0,2,1,2,1,5,1
4753,1,5,3,3,0,2,1,0,0,3,0,1,1,1,6,0,0,2,1,2,1,4,0
4754,1,2,3,9,0,2,1,0,0,3,0,1,1,1,4,0,0,2,1,2,1,4,4
4755,1,5,3,3,0,2,1,0,0,2,0,1,1,1,0,6,0,2,1,2,1,5,4
4756,1,5,0,9,0,2,1,0,0,2,0,1,1,1,6,4,0,2,1,2,1,4,0
4757,1,2,3,3,0,2,1,0,0,2,0,1,1,1,0,0,0,2,1,2,1,4,0
4758,1,2,3,3,0,2,1,0,0,7,0,1,1,1,6,0,0,2,1,2,1,4,1
4759,1,5,3,9,0,2,1,0,0,7,0,1,1,1,6,4,0,2,1,2,1,5,0
4760,1,2,0,9,0,2,1,0,0,3,0,1,1,1,6,0,0,2,1,2,1,5,0
4761,1,5,3,3,0,2,1,0,0,2,0,1,1,1,6,4,0,2,1,2,1,4,0
4762,1,5,3,9,0,2,1,0,0,7,0,1,1,1,0,0,0,2,1,2,1,5,0
4763,1,5,3,3,0,2,1,0,0,2,0,1,1,1,0,6,0,2,1,2,1,4,0
4764,1,5,3,3,0,2,1,0,0,2,0,1,1,1,0,6,0,2,1,2,1,5,1
4765,1,5,0,9,0,2,1,0,0,2,0,1,1,1,4,0,0,2,1,2,1,4,1
4766,1,5,3,3,0,2,1,0,0,7,0,1,1,1,4,0,0,2,1,2,1,5,0
4767,1,2,0,3,0,2,1,0,0,2,0,1,1,1,6,0,0,2,1,2,1,5,4
4768,1,2,0,3,0,2,1,0,0,7,0,1,1,1,0,0,0,2,1,2,1,4,1
4769,1,5,3,3,0,2,1,0,0,3,0,1,1,1,4,4,0,2,1,2,1,4,4
4770,1,5,0,9,0,2,1,0,0,3,0,1,1,1,4,6,0,2,1,2,1,4,0
4771,1,5,3,3,0,2,1,0,0,2,0,1,1,1,6,4,0,2,1,2,1,5,0
4772,1,2,0,3,0,2,1,0,0,7,0,1,1,1,4,0,0,2,1,2,1,4,4
4773,1,5,3,9,0,2,1,0,0,3,0,1,1,1,4,6,0,2,1,2,1,4,4
4774,1,5,0,9,0,2,1,0,0,3,0,1,1,1,6,4,0,2,1,2,1,4,0
4775,1,2,3,3,0,2,1,0,0,7,0,1,1,1,4,4,0,2,1,2,1,5,0
4776,1,2,0,3,0,2,1,0,0,7,0,1,1,1,0,6,0,2,1,2,1,4,4
4778,1,2,0,9,0,2,1,0,0,7,0,1,1,1,4,6,0,2,1,2,1,4,0
4779,1,5,2,5,0,1,1,1,1,2,0,1,2,2,7,7,0,2,1,4,2,4,0
4780,1,5,0,9,0,2,1,0,0,3,0,1,1,1,6,6,0,2,1,2,1,5,1
4781,1,2,0,3,0,2,1,0,0,2,0,1,1,1,0,6,0,2,1,2,1,5,4
4782,1,5,0,9,0,2,1,0,0,7,0,1,1,1,4,0,0,2,1,2,1,5,1
4783,0,2,0,2,1,5,1,0,0,7,1,1,2,2,6,6,0,2,1,4,3,5,0
4784,1,5,3,9,0,2,1,0,0,2,0,1,1,1,0,4,0,2,1,2,1,4,0
4785,1,5,0,9,0,2,1,0,0,7,0,1,1,1,0,6,0,2,1,2,1,5,1
4786,1,2,3,3,0,2,1,0,0,3,0,1,1,1,4,6,0,2,1,2,1,4,1
4787,1,2,0,9,0,2,1,0,0,7,0,1,1,1,0,6,0,2,1,2,1,5,1
4788,0,2,3,4,1,5,1,0,0,5,1,1,2,2,6,7,0,2,1,4,3,4,0
4789,1,5,3,9,0,2,1,0,0,3,0,1,1,1,0,0,0,2,1,2,1,5,4
4790,1,2,0,3,0,2,1,0,0,3,0,1,1,1,6,0,0,2,1,2,1,4,4
4791,1,5,3,9,0,2,1,0,0,3,0,1,1,1,6,4,0,2,1,2,1,4,4
4792,1,2,0,9,0,2,1,0,0,3,0,1,1,1,6,4,0,2,1,2,1,5,0
4793,1,2,3,9,0,2,1,0,0,3,0,1,1,1,4,6,0,2,1,2,1,5,0
4794,1,2,3,3,0,2,1,0,0,3,0,1,1,1,6,6,0,2,1,2,1,4,1
4795,1,2,0,3,0,2,1,0,0,3,0,1,1,1,0,6,0,2,1,2,1,4,1
4796,1,5,3,9,0,2,1,0,0,7,0,1,1,1,0,4,0,2,1,2,1,5,1
4797,1,2,3,3,0,2,1,0,0,2,0,1,1,1,4,4,0,2,1,2,1,5,4
4798,1,5,3,9,0,2,1,0,0,2,0,1,1,1,4,4,0,2,1,2,1,5,1
4799,0,2,0,3,1,5,1,0,0,9,1,1,2,2,7,7,0,2,1,4,3,5,0
4800,1,5,2,3,1,2,1,0,0,3,1,1,0,2,7,7,0,2,1,4,1,3,1
4802,1,2,2,3,1,2,1,0,0,7,1,1,2,0,7,7,0,2,1,4,1,4,1
4803,1,2,3,3,0,2,1,0,0,2,0,1,1,1,0,4,0,2,1,2,1,5,1
4804,1,2,3,9,0,2,1,0,0,2,0,1,1,1,6,6,0,2,1,2,1,4,1
4805,1,2,3,3,0,2,1,0,0,7,0,1,1,1,0,6,0,2,1,2,1,4,0
4807,1,2,3,3,0,2,1,0,0,7,0,1,1,1,4,4,0,2,1,2,1,4,4
4808,1,5,0,9,0,2,1,0,0,3,0,1,1,1,4,4,0,2,1,2,1,4,1
4809,1,2,0,3,0,2,1,0,0,2,0,1,1,1,0,0,0,2,1,2,1,5,0
4810,1,5,3,9,0,2,1,0,0,7,0,1,1,1,6,0,0,2,1,2,1,5,0
4811,1,2,0,9,0,2,1,0,0,7,0,1,1,1,4,0,0,2,1,2,1,5,1
4813,1,2,3,3,0,2,1,0,0,7,0,1,1,1,6,4,0,2,1,2,1,4,1
4815,1,2,0,3,0,2,1,0,0,2,0,1,1,1,0,6,0,2,1,2,1,4,0
4816,1,2,0,9,0,2,1,0,0,3,0,1,1,1,4,0,0,2,1,2,1,4,4
4818,1,2,0,3,0,2,1,0,0,3,0,1,1,1,6,6,0,2,1,2,1,4,0
4819,1,2,0,3,0,2,1,0,0,2,0,1,1,1,0,0,0,2,1,2,1,5,4
4820,1,2,2,8,1,2,1,0,0,10,1,1,0,0,7,7,0,2,1,4,1,4,1
4821,1,2,0,9,0,2,1,0,0,2,0,1,1,1,0,4,0,2,1,2,1,4,0
4822,1,5,3,3,0,2,1,0,0,3,0,1,1,1,6,4,0,2,1,2,1,5,1
4823,1,5,0,9,0,2,1,0,0,3,0,1,1,1,4,6,0,2,1,2,1,5,1
4825,1,2,3,9,0,2,1,0,0,2,0,1,1,1,4,6,0,2,1,2,1,4,0
4827,1,2,3,9,0,2,1,0,0,7,0,1,1,1,4,4,0,2,1,2,1,4,0
4828,1,5,2,3,1,2,1,0,0,7,1,1,0,0,7,7,0,2,1,4,1,3,5
4829,1,2,3,9,0,2,1,0,0,3,0,1,1,1,6,6,0,2,1,2,1,4,0
4830,1,2,0,9,0,2,1,0,0,7,0,1,1,1,6,0,0,2,1,2,1,4,1
4832,1,2,0,9,0,2,1,0,0,7,0,1,1,1,0,6,0,2,1,2,1,4,4
4833,1,2,0,9,0,2,1,0,0,2,0,1,1,1,6,4,0,2,1,2,1,4,4
4834,0,3,3,4,0,5,1,1,1,10,0,1,0,2,7,4,0,2,1,0,7,4,2
4835,1,5,2,8,0,1,1,0,1,7,0,1,2,2,7,7,0,2,1,4,3,4,0
4836,1,5,0,9,0,2,1,0,0,2,0,1,1,1,0,4,0,2,1,2,1,5,1
4837,1,5,0,9,0,2,1,0,0,2,0,1,1,1,4,0,0,2,1,2,1,4,4
4838,1,5,0,9,0,2,1,0,0,2,0,1,1,1,0,4,0,2,1,2,1,5,0
4839,1,2,3,9,0,2,1,0,0,7,0,1,1,1,4,0,0,2,1,2,1,4,4
4840,1,0,2,0,1,5,1,0,0,2,0,1,2,2,7,7,0,2,2,4,5,4,1
4841,1,5,2,8,1,2,1,0,0,3,1,1,0,0,7,7,0,2,1,4,1,4,1
4842,0,2,3,2,1,5,1,0,0,5,1,1,2,2,7,6,0,2,1,4,3,5,0
4843,1,0,2,8,1,5,1,0,0,2,0,1,2,2,7,7,0,2,2,4,5,4,3
4845,1,5,2,8,1,2,1,0,0,7,1,1,0,0,7,7,0,2,1,4,1,4,1
4847,1,5,3,9,0,2,1,0,0,3,0,1,1,1,4,0,0,2,1,2,1,5,4
4848,1,2,2,0,1,2,1,0,0,3,1,1,0,2,7,7,0,2,1,4,1,4,5
4849,1,2,3,3,0,2,1,0,0,3,0,1,1,1,4,4,0,2,1,2,1,4,0
4850,1,5,3,9,0,2,1,0,0,3,0,1,1,1,0,4,0,2,1,2,1,4,0
4851,1,5,3,3,0,2,1,0,0,7,0,1,1,1,4,0,0,2,1,2,1,4,0
4852,1,5,0,9,0,2,1,0,0,2,0,1,1,1,4,6,0,2,1,2,1,5,4
4853,1,5,3,9,0,2,1,0,0,3,0,1,1,1,6,0,0,2,1,2,1,4,0
4854,1,5,3,9,0,2,1,0,0,3,0,1,1,1,6,4,0,2,1,2,1,5,0
4855,1,5,0,9,0,2,1,0,0,2,0,1,1,1,0,4,0,2,1,2,1,5,4
4856,1,5,3,3,0,2,1,0,0,2,0,1,1,1,0,0,0,2,1,2,1,5,4
4857,1,2,0,3,0,2,1,0,0,7,0,1,1,1,4,4,0,2,1,2,1,4,4
4861,1,5,3,9,0,2,1,0,0,2,0,1,1,1,0,0,0,2,1,2,1,4,0
4862,0,2,0,3,1,5,1,0,0,9,1,1,2,2,6,6,0,2,1,4,3,4,0
4863,1,2,0,9,0,2,1,0,0,7,0,1,1,1,4,4,0,2,1,2,1,5,4
4864,1,2,3,3,0,2,1,0,0,3,0,1,1,1,6,6,0,2,1,2,1,5,1
4865,1,5,2,3,1,2,1,0,0,7,1,1,0,0,7,7,0,2,1,4,1,4,1
4866,1,2,0,3,0,2,1,0,0,7,0,1,1,1,6,6,0,2,1,2,1,4,4
4867,1,5,0,9,0,2,1,0,0,3,0,1,1,1,6,0,0,2,1,2,1,5,0
4868,1,2,0,9,0,2,1,0,0,7,0,1,1,1,4,6,0,2,1,2,1,4,1
4870,1,2,0,3,0,2,1,0,0,3,0,1,1,1,0,4,0,2,1,2,1,4,4
4872,0,2,3,2,1,5,1,0,0,7,1,1,2,2,3,6,0,2,1,4,2,4,0
4873,1,2,3,3,0,2,1,0,0,2,0,1,1,1,6,0,0,2,1,2,1,5,1
4874,1,5,3,9,0,2,1,0,0,3,0,1,1,1,6,6,0,2,1,2,1,4,4
4875,1,2,0,3,0,2,1,0,0,7,0,1,1,1,4,4,0,2,1,2,1,5,0
4876,0,2,0,2,1,5,1,0,0,5,1,1,2,2,6,7,0,2,1,4,3,4,0
4877,1,5,3,9,0,2,1,0,0,3,0,1,1,1,6,0,0,2,1,2,1,4,4
4878,1,2,0,9,0,2,1,0,0,7,0,1,1,1,0,0,0,2,1,2,1,5,4
4879,1,2,0,3,0,2,1,0,0,7,0,1,1,1,6,4,0,2,1,2,1,4,4
4880,1,2,3,9,0,2,1,0,0,2,0,1,1,1,4,0,0,2,1,2,1,5,0
4881,1,5,3,3,0,2,1,0,0,3,0,1,1,1,0,0,0,2,1,2,1,4,0
4882,1,0,3,8,1,5,1,0,0,10,0,1,2,2,7,7,0,2,2,4,5,4,3
4883,1,2,0,9,0,2,1,0,0,7,0,1,1,1,6,6,0,2,1,2,1,5,4
4885,1,2,0,3,0,2,1,0,0,2,0,1,1,1,6,6,0,2,1,2,1,5,1
4886,1,5,3,9,0,2,1,0,0,2,0,1,1,1,4,4,0,2,1,2,1,4,1
4887,1,2,3,9,0,2,1,0,0,2,0,1,1,1,4,4,0,2,1,2,1,5,4
4889,1,5,2,8,1,2,1,0,0,3,1,1,2,2,7,7,0,2,1,4,1,3,1
4890,1,2,3,3,0,2,1,0,0,3,0,1,1,1,4,6,0,2,1,2,1,5,1
4891,1,5,3,3,0,2,1,0,0,3,0,1,1,1,0,0,0,2,1,2,1,4,4
4892,1,5,0,9,0,2,1,0,0,7,0,1,1,1,4,6,0,2,1,2,1,4,1
4893,1,2,2,0,1,2,1,0,0,10,1,1,0,2,7,7,0,2,1,4,1,3,5
4894,1,5,0,3,0,1,1,0,1,2,0,1,2,2,7,7,0,2,1,4,2,4,0
4895,1,5,0,9,0,2,1,0,0,2,0,1,1,1,4,4,0,2,1,2,1,5,4
4896,1,2,3,3,0,2,1,0,0,7,0,1,1,1,0,6,0,2,1,2,1,5,1
4897,1,2,3,9,0,2,1,0,0,3,0,1,1,1,4,4,0,2,1,2,1,5,4
4900,1,5,0,9,0,2,1,0,0,3,0,1,1,1,4,0,0,2,1,2,1,4,0
4901,1,2,3,9,0,2,1,0,0,3,0,1,1,1,0,4,0,2,1,2,1,5,4
4902,1,2,3,9,0,2,1,0,0,7,0,1,1,1,4,6,0,2,1,2,1,5,1
4905,1,5,3,3,0,2,1,0,0,3,0,1,1,1,0,0,0,2,1,2,1,5,0
4906,1,5,3,9,0,2,1,0,0,2,0,1,1,1,4,0,0,2,1,2,1,4,1
4907,1,2,0,3,0,2,1,0,0,3,0,1,1,1,0,4,0,2,1,2,1,5,0
4908,1,5,3,3,0,2,1,0,0,2,0,1,1,1,4,0,0,2,1,2,1,5,1
4909,1,5,3,9,0,2,1,0,0,2,0,1,1,1,6,6,0,2,1,2,1,4,0
4910,1,2,0,9,0,2,1,0,0,3,0,1,1,1,4,0,0,2,1,2,1,5,4
4912,1,2,0,9,0,2,1,0,0,3,0,1,1,1,0,4,0,2,1,2,1,5,4
4913,1,5,3,9,0,2,1,0,0,3,0,1,1,1,6,6,0,2,1,2,1,5,4
4914,1,2,2,3,1,2,1,0,0,7,1,1,0,2,7,7,0,2,1,4,1,3,1
4915,1,2,0,9,0,2,1,0,0,7,0,1,1,1,0,6,0,2,1,2,1,4,1
4916,1,5,3,9,0,2,1,0,0,3,0,1,1,1,4,4,0,2,1,2,1,5,0
4917,1,5,0,9,0,2,1,0,0,7,0,1,1,1,4,0,0,2,1,2,1,5,4
4918,1,5,2,3,1,2,1,0,0,3,1,1,0,0,7,7,0,2,1,4,1,4,5
4919,1,2,3,3,0,2,1,0,0,7,0,1,1,1,6,6,0,2,1,2,1,5,1
4920,1,2,0,3,0,2,1,0,0,3,0,1,1,1,6,4,0,2,1,2,1,4,1
4921,1,5,2,8,0,1,1,0,1,5,0,1,2,2,7,7,0,2,1,4,2,4,0
4922,1,2,3,3,0,2,1,0,0,7,0,1,1,1,0,0,0,2,1,2,1,5,4
4923,0,2,3,2,1,5,1,0,0,9,1,1,2,2,6,7,0,2,1,4,3,5,0
4924,1,5,0,9,0,2,1,0,0,2,0,1,1,1,6,6,0,2,1,2,1,5,1
4925,1,5,3,9,0,2,1,0,0,7,0,1,1,1,4,6,0,2,1,2,1,5,4
4927,1,2,0,9,0,2,1,0,0,3,0,1,1,1,0,6,0,2,1,2,1,4,1
4928,1,2,0,9,0,2,1,0,0,2,0,1,1,1,6,6,0,2,1,2,1,4,0
4929,1,5,3,9,0,2,1,0,0,2,0,1,1,1,0,0,0,2,1,2,1,5,1
4930,0,5,0,4,0,5,1,1,1,10,0,1,2,0,7,4,0,2,1,0,7,4,2
4932,1,5,3,3,0,2,1,0,0,2,0,1,1,1,6,4,0,2,1,2,1,4,4
4933,1,5,0,9,0,2,1,0,0,2,0,1,1,1,6,0,0,2,1,2,1,4,1
4934,1,2,2,3,1,2,1,0,0,3,1,1,0,0,7,7,0,2,1,4,1,4,1
4935,1,5,3,9,0,2,1,0,0,2,0,1,1,1,6,0,0,2,1,2,1,5,1
4936,1,2,3,3,0,2,1,0,0,7,0,1,1,1,0,4,0,2,1,2,1,4,4
4937,1,5,3,3,0,2,1,0,0,7,0,1,1,1,4,0,0,2,1,2,1,4,1
4940,1,2,0,9,0,2,1,0,0,2,0,1,1,1,0,6,0,2,1,2,1,5,0
4941,1,5,0,3,0,2,1,0,0,2,0,1,1,1,0,6,0,2,1,2,1,4,4
4942,1,2,3,3,0,2,1,0,0,3,0,1,1,1,0,0,0,2,1,2,1,5,4
4943,1,5,0,9,0,2,1,0,0,2,0,1,1,1,0,4,0,2,1,2,1,4,0
4944,1,2,3,9,0,2,1,0,0,3,0,1,1,1,4,4,0,2,1,2,1,4,1
4947,1,5,3,3,0,2,1,0,0,2,0,1,1,1,4,4,0,2,1,2,1,5,0
4948,1,5,0,9,0,2,1,0,0,3,0,1,1,1,4,6,0,2,1,2,1,5,0
4949,1,5,3,3,0,2,1,0,0,3,0,1,1,1,4,0,0,2,1,2,1,4,4
4950,1,2,2,0,1,2,1,0,0,10,1,1,0,0,7,7,0,2,1,4,1,4,5
4952,1,2,2,8,1,2,1,0,0,10,1,1,0,0,7,7,0,2,1,4,1,3,5
4953,1,2,3,3,0,2,1,0,0,2,0,1,1,1,0,4,0,2,1,2,1,5,4
4954,1,5,0,9,0,2,1,0,0,2,0,1,1,1,0,0,0,2,1,2,1,4,4
4955,1,2,3,3,0,2,1,0,0,3,0,1,1,1,4,4,0,2,1,2,1,4,4
4956,1,2,3,9,0,2,1,0,0,2,0,1,1,1,4,0,0,2,1,2,1,5,1
4957,1,2,0,9,0,2,1,0,0,7,0,1,1,1,4,4,0,2,1,2,1,4,0
4958,1,5,2,0,1,2,1,0,0,3,1,1,2,2,7,7,0,2,1,4,1,4,5
4959,1,2,0,3,0,2,1,0,0,2,0,1,1,1,6,6,0,2,1,2,1,5,4
4960,1,5,3,3,0,2,1,0,0,3,0,1,1,1,6,4,0,2,1,2,1,5,0
4961,1,2,0,9,0,2,1,0,0,7,0,1,1,1,0,0,0,2,1,2,1,5,1
4962,1,2,3,9,0,2,1,0,0,3,0,1,1,1,6,6,0,2,1,2,1,5,0
4963,1,2,2,3,1,2,1,0,0,7,1,1,2,0,7,7,0,2,1,4,1,3,5
4967,1,2,3,5,1,5,1,0,0,2,0,1,2,2,7,7,0,2,2,4,5,4,1
4968,1,2,3,3,0,2,1,0,0,7,0,1,1,1,6,6,0,2,1,2,1,4,4
4969,1,5,3,9,0,2,1,0,0,3,0,1,1,1,0,0,0,2,1,2,1,4,4
4970,1,2,0,3,0,2,1,0,0,2,0,1,1,1,0,6,0,2,1,2,1,4,1
4971,1,2,0,3,0,2,1,0,0,7,0,1,1,1,6,6,0,2,1,2,1,5,0
4972,1,5,0,9,0,2,1,0,0,7,0,1,1,1,0,4,0,2,1,2,1,5,4
4973,1,2,0,3,0,2,1,0,0,7,0,1,1,1,4,0,0,2,1,2,1,4,0
4974,1,2,3,3,0,2,1,0,0,3,0,1,1,1,0,6,0,2,1,2,1,5,0
4975,1,2,3,9,0,2,1,0,0,3,0,1,1,1,0,0,0,2,1,2,1,4,0
4976,1,2,0,9,0,2,1,0,0,7,0,1,1,1,0,0,0,2,1,2,1,4,1
4977,1,2,3,9,0,2,1,0,0,7,0,1,1,1,6,4,0,2,1,2,1,5,1
4978,1,5,3,9,0,2,1,0,0,7,0,1,1,1,6,0,0,2,1,2,1,4,0
4979,1,5,3,9,0,2,1,0,0,3,0,1,1,1,0,4,0,2,1,2,1,5,4
4980,1,2,3,3,0,2,1,0,0,2,0,1,1,1,6,4,0,2,1,2,1,4,1
4981,1,2,0,3,0,2,1,0,0,2,0,1,1,1,0,6,0,2,1,2,1,5,0
4982,1,5,3,9,0,2,1,0,0,2,0,1,1,1,4,6,0,2,1,2,1,4,4
4983,1,5,3,9,0,2,1,0,0,2,0,1,1,1,4,4,0,2,1,2,1,5,4
4985,1,2,0,3,0,2,1,0,0,2,0,1,1,1,0,0,0,2,1,2,1,4,1
4987,1,5,3,9,0,2,1,0,0,7,0,1,1,1,6,4,0,2,1,2,1,4,1
4988,1,5,3,9,0,2,1,0,0,7,0,1,1,1,4,4,0,2,1,2,1,5,4
4989,1,5,3,3,0,2,1,0,0,3,0,1,1,1,4,4,0,2,1,2,1,4,1
4990,1,2,0,9,0,2,1,0,0,2,0,1,1,1,0,0,0,2,1,2,1,4,0
4991,1,5,0,9,0,2,1,0,0,7,0,1,1,1,4,6,0,2,1,2,1,5,0
4992,1,5,3,3,0,2,1,0,0,3,0,1,1,1,4,6,0,2,1,2,1,4,4
4994,1,2,0,3,0,2,1,0,0,3,0,1,1,1,6,6,0,2,1,2,1,5,4
4995,1,2,3,9,0,2,1,0,0,3,0,1,1,1,4,6,0,2,1,2,1,4,0
4997,1,2,0,3,0,2,1,0,0,2,0,1,1,1,0,4,0,2,1,2,1,5,4
4998,1,5,3,3,0,2,1,0,0,2,0,1,1,1,6,0,0,2,1,2,1,4,0
5000,1,2,0,9,0,2,1,0,0,2,0,1,1,1,4,4,0,2,1,2,1,4,0
5002,1,0,2,0,1,5,1,0,0,10,0,1,2,2,7,7,0,2,2,4,5,4,1
5003,1,2,0,9,0,2,1,0,0,7,0,1,1,1,4,0,0,2,1,2,1,4,0
5004,1,2,3,3,0,2,1,0,0,3,0,1,1,1,4,0,0,2,1,2,1,5,0
5006,1,5,0,9,0,2,1,0,0,2,0,1,1,1,4,4,0,2,1,2,1,4,1
5007,1,2,3,9,0,2,1,0,0,2,0,1,1,1,0,6,0,2,1,2,1,5,1
5008,1,2,0,9,0,2,1,0,0,3,0,1,1,1,4,6,0,2,1,2,1,5,1
5009,1,5,3,9,0,2,1,0,0,3,0,1,1,1,0,6,0,2,1,2,1,5,0
5011,1,2,0,3,0,2,1,0,0,2,0,1,1,1,6,6,0,2,1,2,1,4,1
5012,1,5,3,9,0,2,1,0,0,2,0,1,1,1,0,4,0,2,1,2,1,4,1
5013,1,5,3,9,0,2,1,0,0,7,0,1,1,1,0,0,0,2,1,2,1,4,4
5014,1,2,3,3,0,2,1,0,0,2,0,1,1,1,0,4,0,2,1,2,1,4,4
5016,1,2,3,9,0,2,1,0,0,7,0,1,1,1,6,0,0,2,1,2,1,5,0
5017,1,5,3,3,0,2,1,0,0,7,0,1,1,1,0,0,0,2,1,2,1,4,4
5018,1,5,0,9,0,2,1,0,0,3,0,1,1,1,4,4,0,2,1,2,1,4,0
5019,1,2,0,9,0,2,1,0,0,7,0,1,1,1,4,6,0,2,1,2,1,4,4
5020,1,2,2,8,1,2,1,0,0,3,1,1,2,0,7,7,0,2,1,4,1,4,5
5021,1,5,2,3,0,1,1,0,1,7,0,1,2,2,7,7,0,2,1,4,3,4,0
5022,1,2,3,9,0,2,1,0,0,2,0,1,1,1,6,0,0,2,1,2,1,5,0
5024,1,5,0,9,0,2,1,0,0,2,0,1,1,1,6,6,0,2,1,2,1,5,0
5025,1,2,3,3,0,2,1,0,0,2,0,1,1,1,4,6,0,2,1,2,1,5,0
5026,1,5,0,9,0,2,1,0,0,2,0,1,1,1,4,6,0,2,1,2,1,4,1
5027,1,5,0,9,0,2,1,0,0,3,0,1,1,1,4,0,0,2,1,2,1,4,4
5028,1,5,2,3,1,2,1,0,0,7,1,1,0,2,7,7,0,2,1,4,1,3,5
5029,1,2,3,3,0,2,1,0,0,2,0,1,1,1,6,4,0,2,1,2,1,5,0
5030,1,2,0,9,0,2,1,0,0,3,0,1,1,1,6,4,0,2,1,2,1,5,4
5031,1,2,0,9,0,2,1,0,0,2,0,1,1,1,0,4,0,2,1,2,1,5,0
5032,1,5,3,3,0,2,1,0,0,7,0,1,1,1,6,0,0,2,1,2,1,4,0
5033,1,5,3,3,0,2,1,0,0,2,0,1,1,1,4,0,0,2,1,2,1,4,1
5034,1,5,3,3,0,2,1,0,0,3,0,1,1,1,4,0,0,2,1,2,1,5,0
5035,1,5,0,3,0,2,1,0,0,7,0,1,1,1,6,6,0,2,1,2,1,5,1
5036,1,5,3,9,0,2,1,0,0,2,0,1,1,1,6,4,0,2,1,2,1,5,4
5037,1,2,0,3,0,2,1,0,0,3,0,1,1,1,4,4,0,2,1,2,1,4,1
5038,1,2,0,9,0,2,1,0,0,7,0,1,1,1,0,4,0,2,1,2,1,5,0
5039,1,5,3,3,0,2,1,0,0,3,0,1,1,1,0,6,0,2,1,2,1,5,4
5040,1,2,0,9,0,2,1,0,0,2,0,1,1,1,6,6,0,2,1,2,1,4,4
5042,1,5,0,9,0,2,1,0,0,3,0,1,1,1,6,0,0,2,1,2,1,5,4
5043,1,5,3,9,0,2,1,0,0,2,0,1,1,1,0,6,0,2,1,2,1,4,4
5044,1,2,2,0,1,2,1,0,0,10,1,1,0,2,7,7,0,2,1,4,1,4,1
5045,1,2,0,3,0,2,1,0,0,3,0,1,1,1,4,6,0,2,1,2,1,4,0
5046,1,2,3,9,0,2,1,0,0,3,0,1,1,1,0,6,0,2,1,2,1,5,4
5047,1,5,0,9,0,2,1,0,0,3,0,1,1,1,4,4,0,2,1,2,1,5,4
5048,1,2,0,3,0,2,1,0,0,7,0,1,1,1,0,4,0,2,1,2,1,4,0
5049,1,5,3,9,0,2,1,0,0,2,0,1,1,1,4,6,0,2,1,2,1,5,0
5050,1,5,3,3,0,2,1,0,0,7,0,1,1,1,0,0,0,2,1,2,1,4,0
5054,1,5,3,3,0,2,1,0,0,7,0,1,1,1,6,6,0,2,1,2,1,5,0
5055,1,2,0,9,0,2,1,0,0,2,0,1,1,1,0,6,0,2,1,2,1,5,4
5056,1,5,3,3,0,2,1,0,0,3,0,1,1,1,4,0,0,2,1,2,1,5,1
5057,1,2,3,3,0,2,1,0,0,2,0,1,1,1,0,6,0,2,1,2,1,5,1
5058,1,5,2,0,1,2,1,0,0,10,1,1,2,0,7,7,0,2,1,4,1,3,5
5059,1,2,3,9,0,2,1,0,0,3,0,1,1,1,0,6,0,2,1,2,1,4,4
5060,1,5,2,8,1,2,1,0,0,7,1,1,0,0,7,7,0,2,1,4,1,3,5
5061,1,5,0,9,0,2,1,0,0,7,0,1,1,1,0,4,0,2,1,2,1,4,4
5062,1,5,3,3,0,2,1,0,0,7,0,1,1,1,0,6,0,2,1,2,1,5,4
5063,1,5,2,8,1,2,1,0,0,7,1,1,2,0,7,7,0,2,1,4,1,3,5
5064,1,2,2,0,1,2,1,0,0,7,1,1,0,0,7,7,0,2,1,4,1,3,1
5065,1,5,2,8,1,2,1,0,0,3,1,1,0,2,7,7,0,2,1,4,1,3,5
5066,1,2,0,9,0,2,1,0,0,7,0,1,1,1,4,0,0,2,1,2,1,5,0
5067,1,2,3,3,0,2,1,0,0,2,0,1,1,1,6,0,0,2,1,2,1,5,4
5068,1,5,0,9,0,2,1,0,0,3,0,1,1,1,0,4,0,2,1,2,1,4,1
5069,1,2,0,3,0,2,1,0,0,3,0,1,1,1,4,0,0,2,1,2,1,4,4
5072,1,5,3,3,0,2,1,0,0,7,0,1,1,1,6,6,0,2,1,2,1,4,1
5073,1,2,0,3,0,2,1,0,0,3,0,1,1,1,4,0,0,2,1,2,1,4,1
5075,1,5,3,3,0,2,1,0,0,3,0,1,1,1,6,0,0,2,1,2,1,4,4
5076,1,2,0,3,0,2,1,0,0,3,0,1,1,1,4,6,0,2,1,2,1,5,4
5077,1,2,0,9,0,2,1,0,0,3,0,1,1,1,0,4,0,2,1,2,1,4,4
5078,1,2,0,9,0,2,1,0,0,3,0,1,1,1,0,6,0,2,1,2,1,5,0
5079,0,2,0,2,1,5,1,0,0,5,1,1,2,2,3,7,0,2,1,4,3,5,0
5080,1,5,3,9,0,2,1,0,0,7,0,1,1,1,4,0,0,2,1,2,1,5,1
5081,1,2,3,9,0,2,1,0,0,2,0,1,1,1,4,0,0,2,1,2,1,4,0
5082,1,2,0,3,0,2,1,0,0,2,0,1,1,1,0,6,0,2,1,2,1,4,4
5083,1,5,3,9,0,2,1,0,0,3,0,1,1,1,6,6,0,2,1,2,1,5,1
5084,1,5,0,9,0,2,1,0,0,2,0,1,1,1,6,0,0,2,1,2,1,5,4
5086,1,2,0,9,0,2,1,0,0,3,0,1,1,1,4,0,0,2,1,2,1,5,1
5087,0,3,0,1,0,5,1,1,1,10,0,1,0,2,7,4,0,2,1,0,7,4,2
5088,1,2,0,3,0,2,1,0,0,3,0,1,1,1,4,4,0,2,1,2,1,4,4
5089,1,2,3,9,0,2,1,0,0,3,0,1,1,1,4,6,0,2,1,2,1,5,4
5090,1,5,3,3,0,2,1,0,0,2,0,1,1,1,0,0,0,2,1,2,1,4,0
5091,1,5,3,3,0,2,1,0,0,7,0,1,1,1,6,0,0,2,1,2,1,4,4
5092,1,2,0,9,0,2,1,0,0,3,0,1,1,1,6,6,0,2,1,2,1,4,1
5093,1,2,3,9,0,2,1,0,0,3,0,1,1,1,6,4,0,2,1,2,1,4,0
5094,1,5,0,9,0,2,1,0,0,7,0,1,1,1,4,4,0,2,1,2,1,5,0
5095,1,2,0,9,0,2,1,0,0,7,0,1,1,1,4,4,0,2,1,2,1,4,4
5096,1,5,3,9,0,2,1,0,0,2,0,1,1,1,4,0,0,2,1,2,1,5,0
5097,1,0,3,5,1,5,1,0,0,10,0,1,2,2,7,7,0,2,2,4,5,4,1
5099,1,5,3,9,0,2,1,0,0,2,0,1,1,1,0,0,0,2,1,2,1,4,4
5100,1,5,0,9,0,2,1,0,0,7,0,1,1,1,6,6,0,2,1,2,1,4,1
5102,1,2,3,9,0,2,1,0,0,7,0,1,1,1,4,4,0,2,1,2,1,5,0
5103,1,5,2,8,1,2,1,0,0,7,1,1,2,2,7,7,0,2,1,4,1,3,5
5107,1,2,1,8,1,5,1,1,1,10,0,1,2,2,7,7,0,2,1,4,7,1,2
5108,1,5,2,3,1,2,1,0,0,7,1,1,0,2,7,7,0,2,1,4,1,4,5
5109,0,2,3,1,0,5,1,1,1,10,0,1,0,2,7,4,0,2,1,0,7,4,2
5110,1,5,3,3,0,2,1,0,0,7,0,1,1,1,6,0,0,2,1,2,1,5,1
5111,1,2,3,9,0,2,1,0,0,2,0,1,1,1,0,6,0,2,1,2,1,4,0
5112,1,2,3,9,0,2,1,0,0,7,0,1,1,1,0,6,0,2,1,2,1,5,4
5114,1,5,2,0,1,2,1,0,0,10,1,1,0,2,7,7,0,2,1,4,1,4,1
5115,1,5,2,3,1,2,1,0,0,3,1,1,2,0,7,7,0,2,1,4,1,3,1
5117,0,3,3,1,0,5,1,1,1,10,0,1,2,0,7,4,0,2,1,0,7,4,2
5118,1,5,2,8,1,2,1,0,0,10,1,1,2,0,7,7,0,2,1,4,1,3,5
5119,1,5,2,8,1,2,1,0,0,3,1,1,2,0,7,7,0,2,1,4,1,4,1
5120,1,2,2,0,1,2,1,0,0,10,1,1,2,0,7,7,0,2,1,4,1,4,5
5121,1,2,2,0,1,2,1,0,0,7,1,1,2,2,7,7,0,2,1,4,1,4,1
5122,0,3,3,1,0,5,1,1,1,10,0,1,0,2,7,4,0,2,1,0,7,4,2
5123,1,5,3,3,0,2,1,0,0,2,0,1,1,1,4,4,0,2,1,2,1,4,0
5124,1,2,2,8,1,2,1,0,0,3,1,1,0,0,7,7,0,2,1,4,1,4,1
5125,1,2,2,3,1,2,1,0,0,10,1,1,2,2,7,7,0,2,1,4,1,3,5
5126,1,1,1,8,1,5,1,1,1,10,0,1,2,2,7,7,0,2,1,4,7,1,2
5127,1,5,2,3,1,2,1,0,0,7,1,1,2,0,7,7,0,2,1,4,1,3,5
5128,1,0,1,8,1,5,1,1,1,10,0,1,2,2,7,7,0,2,1,4,7,1,2
5129,1,5,2,0,1,2,1,0,0,7,1,1,2,2,7,7,0,2,1,4,1,4,1
5130,1,2,2,8,1,2,1,0,0,3,1,1,0,0,7,7,0,2,1,4,1,3,5
5136,1,2,2,8,1,2,1,0,0,10,1,1,2,2,7,7,0,2,1,4,1,4,1
5137,1,2,2,0,1,5,1,0,0,10,0,1,2,2,7,7,0,2,2,4,5,4,3
5138,1,2,3,9,0,2,1,0,0,7,0,1,1,1,0,0,0,2,1,2,1,5,4
5139,1,5,3,3,0,2,1,0,0,7,0,1,1,1,6,4,0,2,1,2,1,5,1
5140,1,2,2,0,1,5,1,0,0,8,0,1,2,2,7,7,0,2,2,4,5,4,1
5143,1,2,0,3,0,2,1,0,0,7,0,1,1,1,0,0,0,2,1,2,1,5,0
5146,1,5,0,9,0,2,1,0,0,2,0,1,1,1,6,0,0,2,1,2,1,5,1
5148,0,2,0,4,0,5,1,1,1,10,0,1,2,0,7,4,0,2,1,0,7,4,2
5152,1,2,3,9,0,2,1,0,0,2,0,1,1,1,6,0,0,2,1,2,1,5,4
5153,1,2,3,0,1,5,1,0,0,8,0,1,2,2,7,7,0,2,2,4,5,4,3
5156,1,5,2,0,1,2,1,0,0,10,1,1,2,2,7,7,0,2,1,4,1,3,1
5157,1,5,2,0,1,2,1,0,0,3,1,1,0,2,7,7,0,2,1,4,1,4,1
5158,1,2,3,9,0,2,1,0,0,3,0,1,1,1,6,4,0,2,1,2,1,5,4
5159,1,2,2,3,1,2,1,0,0,10,1,1,2,0,7,7,0,2,1,4,1,4,1
5161,1,5,2,0,1,2,1,0,0,7,1,1,0,2,7,7,0,2,1,4,1,4,1
5164,1,2,2,0,1,2,1,0,0,10,1,1,0,0,7,7,0,2,1,4,1,3,1
5165,1,2,2,8,1,2,1,0,0,7,1,1,0,2,7,7,0,2,1,4,1,3,1
5167,1,5,0,9,0,2,1,0,0,7,0,1,1,1,4,6,0,2,1,2,1,5,4
5170,1,5,3,3,0,2,1,0,0,7,0,1,1,1,6,6,0,2,1,2,1,5,1
5171,1,2,2,0,1,2,1,0,0,3,1,1,0,2,7,7,0,2,1,4,1,4,1
5172,1,2,2,0,1,2,1,0,0,3,1,1,0,2,7,7,0,2,1,4,1,3,1
5173,1,2,3,9,0,2,1,0,0,3,0,1,1,1,0,6,0,2,1,2,1,4,1
5174,1,2,3,9,0,2,1,0,0,3,0,1,1,1,6,0,0,2,1,2,1,4,0
5177,1,0,3,8,1,5,1,0,0,8,0,1,2,2,7,7,0,2,2,4,5,4,1
5178,0,5,3,1,0,5,1,1,1,10,0,1,0,0,7,4,0,2,1,0,7,4,2
5180,1,5,2,0,1,2,1,0,0,3,1,1,0,2,7,7,0,2,1,4,1,4,5
5181,1,5,2,3,1,2,1,0,0,10,1,1,0,2,7,7,0,2,1,4,1,4,1
5182,1,2,3,9,0,2,1,0,0,2,0,1,1,1,0,6,0,2,1,2,1,5,0
5183,1,5,2,0,1,2,1,0,0,10,1,1,0,2,7,7,0,2,1,4,1,4,5
5184,1,5,2,8,1,2,1,0,0,7,1,1,2,2,7,7,0,2,1,4,1,3,1
5185,0,2,3,1,0,5,1,1,1,10,0,1,2,0,7,4,0,2,1,0,7,4,2
5187,1,2,0,9,0,2,1,0,0,3,0,1,1,1,4,6,0,2,1,2,1,5,0
5189,1,5,3,9,0,2,1,0,0,7,0,1,1,1,0,6,0,2,1,2,1,4,4
5190,1,2,3,5,1,5,1,0,0,10,0,1,2,2,7,7,0,2,2,4,5,4,1
5191,1,2,2,3,1,2,1,0,0,3,1,1,0,2,7,7,0,2,1,4,1,4,5
5195,1,5,3,3,0,2,1,0,0,2,0,1,1,1,4,0,0,2,1,2,1,4,4
5196,1,2,2,0,1,2,1,0,0,3,1,1,0,0,7,7,0,2,1,4,1,3,5
5198,1,5,0,9,0,2,1,0,0,3,0,1,1,1,6,0,0,2,1,2,1,4,4
5199,1,2,3,3,0,2,1,0,0,2,0,1,1,1,4,4,0,2,1,2,1,4,1
5200,1,2,0,3,0,2,1,0,0,2,0,1,1,1,4,6,0,2,1,2,1,5,0
5201,1,5,2,0,1,2,1,0,0,7,1,1,2,0,7,7,0,2,1,4,1,3,1
5203,1,5,3,9,0,2,1,0,0,7,0,1,1,1,6,6,0,2,1,2,1,4,0
5204,1,2,0,9,0,2,1,0,0,3,0,1,1,1,4,4,0,2,1,2,1,4,0
5207,1,2,3,9,0,2,1,0,0,3,0,1,1,1,6,4,0,2,1,2,1,4,1
5209,1,5,2,3,1,2,1,0,0,3,1,1,0,0,7,7,0,2,1,4,1,3,5
5211,1,5,3,3,0,2,1,0,0,2,0,1,1,1,6,6,0,2,1,2,1,4,4
5213,1,5,2,3,1,2,1,0,0,7,1,1,2,2,7,7,0,2,1,4,1,4,5
5214,1,5,2,3,1,2,1,0,0,3,1,1,0,2,7,7,0,2,1,4,1,4,1
5215,1,2,3,5,1,5,1,0,0,10,0,1,2,2,7,7,0,2,2,4,5,4,3
5217,1,5,2,8,1,2,1,0,0,10,1,1,2,2,7,7,0,2,1,4,1,4,5
5220,1,2,3,9,0,2,1,0,0,2,0,1,1,1,4,6,0,2,1,2,1,5,0
5222,1,2,2,3,1,2,1,0,0,7,1,1,0,0,7,7,0,2,1,4,1,3,5
5225,1,2,2,0,1,2,1,0,0,3,1,1,0,0,7,7,0,2,1,4,1,4,1
5228,1,5,2,0,1,2,1,0,0,10,1,1,2,2,7,7,0,2,1,4,1,3,5
5231,0,3,0,1,0,5,1,1,1,10,0,1,0,0,7,4,0,2,1,0,7,4,2
5232,1,5,3,9,0,2,1,0,0,3,0,1,1,1,0,4,0,2,1,2,1,4,1
5234,1,2,0,3,0,2,1,0,0,7,0,1,1,1,0,6,0,2,1,2,1,5,4
5235,1,2,3,9,0,2,1,0,0,7,0,1,1,1,4,0,0,2,1,2,1,4,0
5236,1,2,2,3,1,2,1,0,0,10,1,1,2,0,7,7,0,2,1,4,1,4,5
5237,1,3,3,8,1,5,1,1,1,10,0,1,2,2,7,7,0,2,1,4,7,1,2
5238,0,3,0,4,0,5,1,1,1,10,0,1,0,0,7,4,0,2,1,0,7,4,2
5240,1,2,2,8,1,2,1,0,0,10,1,1,0,0,7,7,0,2,1,4,1,3,1
5242,1,2,3,9,0,2,1,0,0,2,0,1,1,1,6,6,0,2,1,2,1,4,0
5244,1,2,3,9,0,2,1,0,0,7,0,1,1,1,6,6,0,2,1,2,1,4,4
5246,1,5,3,9,0,2,1,0,0,3,0,1,1,1,6,0,0,2,1,2,1,5,0
5247,1,5,3,9,0,2,1,0,0,7,0,1,1,1,6,6,0,2,1,2,1,4,4
5248,1,0,3,8,1,5,1,0,0,10,0,1,2,2,7,7,0,2,2,4,5,4,1
5249,1,2,3,9,0,2,1,0,0,2,0,1,1,1,6,0,0,2,1,2,1,5,1
5250,1,5,2,8,1,2,1,0,0,7,1,1,2,0,7,7,0,2,1,4,1,4,1
5251,1,5,2,0,1,2,1,0,0,10,1,1,2,2,7,7,0,2,1,4,1,4,1
5253,1,2,3,9,0,2,1,0,0,2,0,1,1,1,0,4,0,2,1,2,1,4,4
5254,1,5,2,0,1,2,1,0,0,7,1,1,0,0,7,7,0,2,1,4,1,3,1
5255,1,0,3,0,1,5,1,0,0,10,0,1,2,2,7,7,0,2,2,4,5,4,3
5256,1,5,2,8,1,2,1,0,0,10,1,1,2,0,7,7,0,2,1,4,1,4,1
5258,1,2,2,3,1,2,1,0,0,10,1,1,0,2,7,7,0,2,1,4,1,3,5
5260,1,2,2,3,1,2,1,0,0,7,1,1,2,2,7,7,0,2,1,4,1,4,1
5261,1,2,3,9,0,2,1,0,0,2,0,1,1,1,6,4,0,2,1,2,1,5,0
5263,1,2,2,0,1,2,1,0,0,7,1,1,2,0,7,7,0,2,1,4,1,3,5
5268,1,5,2,8,1,2,1,0,0,3,1,1,0,2,7,7,0,2,1,4,1,4,5
5270,1,2,3,3,0,2,1,0,0,7,0,1,1,1,4,6,0,2,1,2,1,5,1
5272,1,2,2,8,1,2,1,0,0,10,1,1,0,2,7,7,0,2,1,4,1,3,5
5273,0,3,0,4,0,5,1,1,1,10,0,1,2,2,7,4,0,2,1,0,7,4,2
5275,1,2,2,8,1,2,1,0,0,3,1,1,0,2,7,7,0,2,1,4,1,4,1
5276,1,5,2,3,1,2,1,0,0,3,1,1,2,2,7,7,0,2,1,4,1,4,5
5278,1,2,2,8,1,5,1,0,0,10,0,1,2,2,7,7,0,2,2,4,5,4,3
5279,1,2,0,9,0,2,1,0,0,2,0,1,1,1,4,0,0,2,1,2,1,5,4
5281,1,2,3,8,1,5,1,1,1,10,0,1,2,2,7,7,0,2,1,4,7,1,2
5282,1,2,2,0,1,2,1,0,0,7,1,1,0,2,7,7,0,2,1,4,1,4,5
5286,1,2,2,3,1,2,1,0,0,3,1,1,2,2,7,7,0,2,1,4,1,4,1
5288,1,2,3,9,0,2,1,0,0,2,0,1,1,1,4,0,0,2,1,2,1,5,4
5289,1,2,2,3,1,2,1,0,0,10,1,1,2,2,7,7,0,2,1,4,1,3,1
5290,1,2,2,0,1,2,1,0,0,3,1,1,2,2,7,7,0,2,1,4,1,3,1
5293,1,2,0,3,0,2,1,0,0,7,0,1,1,1,0,0,0,2,1,2,1,5,1
5294,1,2,3,9,0,2,1,0,0,2,0,1,1,1,0,0,0,2,1,2,1,5,0
5296,1,2,2,3,1,2,1,0,0,7,1,1,0,0,7,7,0,2,1,4,1,3,1
5298,1,2,2,8,1,2,1,0,0,7,1,1,2,2,7,7,0,2,1,4,1,3,1
5299,0,5,0,1,0,5,1,1,1,10,0,1,2,2,7,4,0,2,1,0,7,4,2
5300,1,2,2,3,1,2,1,0,0,10,1,1,0,2,7,7,0,2,1,4,1,4,1
5301,1,2,0,3,0,2,1,0,0,7,0,1,1,1,4,6,0,2,1,2,1,4,4
5303,1,5,0,9,0,2,1,0,0,2,0,1,1,1,6,0,0,2,1,2,1,4,4
5307,1,5,2,3,1,2,1,0,0,10,1,1,2,0,7,7,0,2,1,4,1,4,5
5314,1,5,2,8,1,2,1,0,0,3,1,1,0,2,7,7,0,2,1,4,1,4,1
5315,1,2,3,9,0,2,1,0,0,7,0,1,1,1,6,0,0,2,1,2,1,4,1
5317,1,0,3,8,1,5,1,0,0,2,0,1,2,2,7,7,0,2,2,4,5,4,3
5318,0,5,3,4,0,5,1,1,1,10,0,1,2,0,7,4,0,2,1,0,7,4,2
5319,1,2,3,9,0,2,1,0,0,2,0,1,1,1,4,6,0,2,1,2,1,4,4
5320,1,5,2,0,1,2,1,0,0,3,1,1,0,2,7,7,0,2,1,4,1,3,1
5322,1,5,2,3,1,2,1,0,0,3,1,1,2,2,7,7,0,2,1,4,1,3,5
5323,1,2,2,3,1,2,1,0,0,10,1,1,2,0,7,7,0,2,1,4,1,3,5
5327,1,2,0,3,0,2,1,0,0,2,0,1,1,1,4,0,0,2,1,2,1,4,1
5329,1,5,2,8,1,2,1,0,0,10,1,1,2,2,7,7,0,2,1,4,1,4,1
5330,1,2,3,3,0,2,1,0,0,7,0,1,1,1,4,0,0,2,1,2,1,4,0
5331,1,5,2,8,1,2,1,0,0,3,1,1,2,0,7,7,0,2,1,4,1,3,5
5333,1,2,2,8,1,2,1,0,0,10,1,1,2,0,7,7,0,2,1,4,1,4,5
5334,1,2,2,3,1,2,1,0,0,3,1,1,0,0,7,7,0,2,1,4,1,4,5
5335,0,5,3,1,0,5,1,1,1,10,0,1,0,2,7,4,0,2,1,0,7,4,2
5336,1,5,2,8,1,2,1,0,0,3,1,1,2,2,7,7,0,2,1,4,1,4,5
5338,1,2,3,5,1,5,1,0,0,8,0,1,2,2,7,7,0,2,2,4,5,4,1
5339,1,2,3,9,0,2,1,0,0,7,0,1,1,1,6,0,0,2,1,2,1,5,4
5341,1,2,3,0,1,5,1,0,0,8,0,1,2,2,7,7,0,2,2,4,5,4,1
5343,1,2,3,9,0,2,1,0,0,3,0,1,1,1,6,0,0,2,1,2,1,5,4
5344,0,2,0,4,0,5,1,1,1,10,0,1,0,0,7,4,0,2,1,0,7,4,2
5345,0,5,0,4,0,5,1,1,1,10,0,1,0,2,7,4,0,2,1,0,7,4,2
5347,1,2,2,3,1,2,1,0,0,7,1,1,0,2,7,7,0,2,1,4,1,4,5
5348,1,5,2,0,1,2,1,0,0,3,1,1,0,0,7,7,0,2,1,4,1,3,5
5349,1,2,2,3,1,2,1,0,0,10,1,1,2,2,7,7,0,2,1,4,1,4,1
5350,1,5,2,0,1,2,1,0,0,3,1,1,0,0,7,7,0,2,1,4,1,3,1
5352,1,2,3,9,0,2,1,0,0,3,0,1,1,1,0,0,0,2,1,2,1,5,0
5353,1,2,2,3,1,2,1,0,0,3,1,1,0,2,7,7,0,2,1,4,1,3,5
5355,1,2,3,9,0,2,1,0,0,3,0,1,1,1,6,0,0,2,1,2,1,5,1
5356,1,2,2,8,1,2,1,0,0,10,1,1,0,0,7,7,0,2,1,4,1,4,5
5357,1,5,2,8,1,2,1,0,0,10,1,1,0,2,7,7,0,2,1,4,1,3,5
5358,1,2,3,3,0,2,1,0,0,7,0,1,1,1,6,6,0,2,1,2,1,5,4
5359,1,2,3,9,0,2,1,0,0,3,0,1,1,1,0,0,0,2,1,2,1,5,4
5363,1,2,3,9,0,2,1,0,0,7,0,1,1,1,6,6,0,2,1,2,1,5,0
5364,1,2,2,3,1,2,1,0,0,3,1,1,2,0,7,7,0,2,1,4,1,3,5
5366,1,2,3,9,0,2,1,0,0,3,0,1,1,1,4,0,0,2,1,2,1,4,0
5367,1,2,3,9,0,2,1,0,0,2,0,1,1,1,0,4,0,2,1,2,1,5,0
5368,1,2,2,8,1,2,1,0,0,3,1,1,2,2,7,7,0,2,1,4,1,3,5
5369,1,2,2,5,1,5,1,0,0,10,0,1,2,2,7,7,0,2,2,4,5,4,3
5370,1,2,3,9,0,2,1,0,0,3,0,1,1,1,6,4,0,2,1,2,1,5,1
5372,1,5,2,0,1,2,1,0,0,3,1,1,2,2,7,7,0,2,1,4,1,3,1
5373,1,5,2,8,1,2,1,0,0,7,1,1,0,2,7,7,0,2,1,4,1,3,1
5374,1,5,2,8,1,2,1,0,0,3,1,1,0,0,7,7,0,2,1,4,1,3,1
5376,1,0,3,5,1,5,1,0,0,8,0,1,2,2,7,7,0,2,2,4,5,4,3
5377,1,5,2,0,1,2,1,0,0,3,1,1,0,2,7,7,0,2,1,4,1,3,5
5380,1,5,3,9,0,2,1,0,0,7,0,1,1,1,4,0,0,2,1,2,1,4,4
5381,1,5,2,8,1,2,1,0,0,7,1,1,2,0,7,7,0,2,1,4,1,4,5
5383,1,2,2,0,1,2,1,0,0,10,1,1,0,2,7,7,0,2,1,4,1,4,5
5384,0,5,0,1,0,5,1,1,1,10,0,1,0,0,7,4,0,2,1,0,7,4,2
5386,0,5,3,4,0,5,1,1,1,10,0,1,0,0,7,4,0,2,1,0,7,4,2
5388,1,2,2,3,1,2,1,0,0,10,1,1,2,2,7,7,0,2,1,4,1,4,5
5391,1,2,2,8,1,2,1,0,0,7,1,1,2,0,7,7,0,2,1,4,1,4,1
5393,1,5,2,0,1,2,1,0,0,7,1,1,0,0,7,7,0,2,1,4,1,4,1
5395,1,5,2,8,1,2,1,0,0,3,1,1,2,2,7,7,0,2,1,4,1,3,5
5396,1,5,0,9,0,2,1,0,0,3,0,1,1,1,4,6,0,2,1,2,1,4,1
5397,1,2,3,9,0,2,1,0,0,7,0,1,1,1,6,4,0,2,1,2,1,5,4
5399,1,2,3,9,0,2,1,0,0,7,0,1,1,1,6,6,0,2,1,2,1,5,4
5400,1,2,3,9,0,2,1,0,0,7,0,1,1,1,0,0,0,2,1,2,1,4,4
5401,0,2,3,1,0,5,1,1,1,10,0,1,2,2,7,4,0,2,1,0,7,4,2
5403,1,2,2,8,1,2,1,0,0,3,1,1,2,2,7,7,0,2,1,4,1,3,1
5405,1,0,3,5,1,5,1,0,0,8,0,1,2,2,7,7,0,2,2,4,5,4,1
5406,1,2,3,9,0,2,1,0,0,2,0,1,1,1,6,6,0,2,1,2,1,5,0
5407,1,5,2,0,1,2,1,0,0,10,1,1,2,0,7,7,0,2,1,4,1,3,1
5408,1,2,3,9,0,2,1,0,0,2,0,1,1,1,4,0,0,2,1,2,1,4,4
5409,1,2,2,0,1,2,1,0,0,7,1,1,0,2,7,7,0,2,1,4,1,3,1
5410,1,2,2,0,1,2,1,0,0,3,1,1,2,2,7,7,0,2,1,4,1,3,5
5412,1,2,3,9,0,2,1,0,0,3,0,1,1,1,6,4,0,2,1,2,1,4,4
5414,1,2,3,9,0,2,1,0,0,2,0,1,1,1,4,0,0,2,1,2,1,4,1
5418,1,2,2,8,1,2,1,0,0,7,1,1,0,2,7,7,0,2,1,4,1,4,5
5419,1,2,3,9,0,2,1,0,0,3,0,1,1,1,0,6,0,2,1,2,1,4,0
5422,1,2,3,9,0,2,1,0,0,2,0,1,1,1,0,4,0,2,1,2,1,4,0
5423,1,0,3,0,1,5,1,0,0,2,0,1,2,2,7,7,0,2,2,4,5,4,3
5424,1,2,2,0,1,2,1,0,0,3,1,1,2,0,7,7,0,2,1,4,1,3,5
5425,1,2,2,3,1,2,1,0,0,10,1,1,0,2,7,7,0,2,1,4,1,3,1
5426,1,5,2,0,1,2,1,0,0,7,1,1,2,2,7,7,0,2,1,4,1,3,1
5427,1,5,0,9,0,2,1,0,0,3,0,1,1,1,6,4,0,2,1,2,1,5,4
5428,1,2,2,8,1,2,1,0,0,10,1,1,2,2,7,7,0,2,1,4,1,3,1
5429,1,5,2,3,1,2,1,0,0,10,1,1,0,2,7,7,0,2,1,4,1,3,5
5431,1,2,3,9,0,2,1,0,0,7,0,1,1,1,0,6,0,2,1,2,1,4,1
5433,1,5,2,0,1,2,1,0,0,10,1,1,0,2,7,7,0,2,1,4,1,3,1
5434,0,5,0,1,0,5,1,1,1,10,0,1,0,2,7,4,0,2,1,0,7,4,2
5435,1,5,2,3,1,2,1,0,0,3,1,1,0,2,7,7,0,2,1,4,1,4,5
5437,1,5,0,9,0,2,1,0,0,3,0,1,1,1,0,4,0,2,1,2,1,4,4
5438,1,2,0,3,0,2,1,0,0,7,0,1,1,1,6,6,0,2,1,2,1,4,1
5439,1,2,3,8,1,5,1,0,0,2,0,1,2,2,7,7,0,2,2,4,5,4,3
5442,1,5,3,3,0,2,1,0,0,3,0,1,1,1,6,4,0,2,1,2,1,4,4
5444,1,2,2,3,1,2,1,0,0,10,1,1,0,0,7,7,0,2,1,4,1,3,1
5445,1,5,2,0,1,2,1,0,0,10,1,1,2,0,7,7,0,2,1,4,1,4,1
5447,1,5,2,3,1,2,1,0,0,3,1,1,0,2,7,7,0,2,1,4,1,3,5
5449,1,2,2,8,1,2,1,0,0,7,1,1,0,0,7,7,0,2,1,4,1,3,1
5450,1,5,2,3,1,2,1,0,0,10,1,1,2,2,7,7,0,2,1,4,1,4,5
5451,1,5,2,3,1,2,1,0,0,10,1,1,2,0,7,7,0,2,1,4,1,3,1
5452,1,2,3,9,0,2,1,0,0,2,0,1,1,1,6,6,0,2,1,2,1,4,4
5453,1,2,3,9,0,2,1,0,0,7,0,1,1,1,4,4,0,2,1,2,1,4,4
5454,1,2,3,3,0,2,1,0,0,7,0,1,1,1,0,4,0,2,1,2,1,5,1
5455,1,5,3,9,0,2,1,0,0,2,0,1,1,1,4,6,0,2,1,2,1,5,1
5456,1,5,2,3,1,2,1,0,0,10,1,1,0,0,7,7,0,2,1,4,1,3,5
5457,1,2,2,0,1,2,1,0,0,7,1,1,0,0,7,7,0,2,1,4,1,3,5
5458,1,2,2,8,1,2,1,0,0,3,1,1,0,2,7,7,0,2,1,4,1,3,5
5459,1,2,0,3,0,2,1,0,0,7,0,1,1,1,6,4,0,2,1,2,1,5,1
5460,1,2,2,0,1,2,1,0,0,3,1,1,0,0,7,7,0,2,1,4,1,3,1
5462,1,5,2,8,1,2,1,0,0,10,1,1,2,2,7,7,0,2,1,4,1,3,1
5464,1,2,3,0,1,5,1,0,0,10,0,1,2,2,7,7,0,2,2,4,5,4,3
5467,1,2,2,8,1,2,1,0,0,10,1,1,2,2,7,7,0,2,1,4,1,4,5
5468,1,2,2,8,1,2,1,0,0,7,1,1,2,2,7,7,0,2,1,4,1,4,5
5470,1,5,2,8,1,2,1,0,0,10,1,1,0,2,7,7,0,2,1,4,1,3,1
5472,1,0,2,5,1,5,1,0,0,10,0,1,2,2,7,7,0,2,2,4,5,4,1
5474,1,2,3,3,0,2,1,0,0,2,0,1,1,1,4,4,0,2,1,2,1,4,4
5475,1,5,3,9,0,2,1,0,0,2,0,1,1,1,6,4,0,2,1,2,1,4,0
5476,1,5,3,3,0,2,1,0,0,3,0,1,1,1,4,0,0,2,1,2,1,4,1
5477,1,2,3,8,1,5,1,0,0,8,0,1,2,2,7,7,0,2,2,4,5,4,3
5478,1,2,2,3,1,2,1,0,0,3,1,1,0,0,7,7,0,2,1,4,1,3,1
5480,1,5,2,8,1,2,1,0,0,10,1,1,0,2,7,7,0,2,1,4,1,4,1
5482,1,2,2,8,1,2,1,0,0,7,1,1,2,0,7,7,0,2,1,4,1,3,5
5484,1,5,0,9,0,2,1,0,0,7,0,1,1,1,4,4,0,2,1,2,1,4,0
5485,1,2,3,3,0,2,1,0,0,7,0,1,1,1,6,4,0,2,1,2,1,4,4
5486,1,5,3,3,0,2,1,0,0,7,0,1,1,1,6,6,0,2,1,2,1,5,4
5488,1,2,3,9,0,2,1,0,0,2,0,1,1,1,6,0,0,2,1,2,1,4,4
5490,1,5,2,0,1,2,1,0,0,10,1,1,0,0,7,7,0,2,1,4,1,4,1
5491,1,2,3,9,0,2,1,0,0,3,0,1,1,1,6,0,0,2,1,2,1,5,0
5493,1,2,3,5,1,5,1,0,0,2,0,1,2,2,7,7,0,2,2,4,5,4,3
5494,1,2,3,8,1,5,1,0,0,10,0,1,2,2,7,7,0,2,2,4,5,4,3
5495,1,2,3,9,0,2,1,0,0,2,0,1,1,1,0,0,0,2,1,2,1,5,4
5496,1,2,3,9,0,2,1,0,0,3,0,1,1,1,6,0,0,2,1,2,1,4,1
5498,1,5,2,8,1,2,1,0,0,7,1,1,2,0,7,7,0,2,1,4,1,3,1
5499,1,5,2,8,1,2,1,0,0,7,1,1,0,0,7,7,0,2,1,4,1,3,1
5500,1,5,2,0,1,2,1,0,0,7,1,1,0,2,7,7,0,2,1,4,1,3,5
5505,1,5,2,3,1,2,1,0,0,3,1,1,2,2,7,7,0,2,1,4,1,4,1
5506,1,2,3,9,0,2,1,0,0,7,0,1,1,1,6,6,0,2,1,2,1,5,1
5508,1,1,3,8,1,5,1,1,1,10,0,1,2,2,7,7,0,2,1,4,7,1,2
5509,1,2,2,8,1,2,1,0,0,7,1,1,0,0,7,7,0,2,1,4,1,4,1
5510,1,2,2,3,1,2,1,0,0,10,1,1,2,0,7,7,0,2,1,4,1,3,1
5512,1,5,2,3,1,2,1,0,0,10,1,1,2,2,7,7,0,2,1,4,1,3,1
5516,1,2,3,9,0,2,1,0,0,3,0,1,1,1,0,6,0,2,1,2,1,5,1
5518,1,5,0,9,0,2,1,0,0,2,0,1,1,1,6,4,0,2,1,2,1,5,0
5520,1,5,2,3,1,2,1,0,0,3,1,1,2,0,7,7,0,2,1,4,1,4,5
5522,0,3,0,4,0,5,1,1,1,10,0,1,2,0,7,4,0,2,1,0,7,4,2
5523,1,5,2,8,1,2,1,0,0,7,1,1,0,2,7,7,0,2,1,4,1,4,5
5524,1,2,3,9,0,2,1,0,0,7,0,1,1,1,4,6,0,2,1,2,1,5,4
5526,1,0,3,0,1,5,1,0,0,8,0,1,2,2,7,7,0,2,2,4,5,4,3
5527,1,2,3,3,0,2,1,0,0,3,0,1,1,1,0,0,0,2,1,2,1,4,4
5531,1,2,2,0,1,2,1,0,0,7,1,1,0,0,7,7,0,2,1,4,1,4,1
5532,1,2,3,9,0,2,1,0,0,2,0,1,1,1,4,4,0,2,1,2,1,4,0
5539,1,2,2,8,1,2,1,0,0,10,1,1,2,0,7,7,0,2,1,4,1,4,1
5541,1,5,0,9,0,2,1,0,0,2,0,1,1,1,4,6,0,2,1,2,1,5,1
5542,1,2,3,9,0,2,1,0,0,2,0,1,1,1,4,4,0,2,1,2,1,5,0
5543,1,2,3,9,0,2,1,0,0,2,0,1,1,1,4,4,0,2,1,2,1,5,1
5545,1,2,2,8,1,2,1,0,0,7,1,1,2,0,7,7,0,2,1,4,1,4,5
5546,0,3,3,1,0,5,1,1,1,10,0,1,2,2,7,4,0,2,1,0,7,4,2
5547,0,3,3,4,0,5,1,1,1,10,0,1,2,2,7,4,0,2,1,0,7,4,2
5548,1,0,2,5,1,5,1,0,0,8,0,1,2,2,7,7,0,2,2,4,5,4,3
5550,1,5,2,0,1,2,1,0,0,3,1,1,2,0,7,7,0,2,1,4,1,3,5
5552,1,5,2,0,1,2,1,0,0,10,1,1,0,0,7,7,0,2,1,4,1,3,1
5555,1,5,2,8,1,2,1,0,0,7,1,1,2,2,7,7,0,2,1,4,1,4,5
5560,1,5,2,8,1,2,1,0,0,7,1,1,2,2,7,7,0,2,1,4,1,4,1
5561,1,2,3,9,0,2,1,0,0,7,0,1,1,1,6,4,0,2,1,2,1,4,4
5564,1,5,2,8,1,2,1,0,0,10,1,1,2,0,7,7,0,2,1,4,1,4,5
5565,1,5,3,9,0,2,1,0,0,3,0,1,1,1,0,6,0,2,1,2,1,4,1
5566,1,2,2,0,1,5,1,0,0,2,0,1,2,2,7,7,0,2,2,4,5,4,3
5567,1,2,0,9,0,2,1,0,0,3,0,1,1,1,0,6,0,2,1,2,1,4,4
5568,1,5,2,3,1,2,1,0,0,7,1,1,2,0,7,7,0,2,1,4,1,4,1
5571,1,0,3,8,1,5,1,0,0,8,0,1,2,2,7,7,0,2,2,4,5,4,3
5572,1,2,3,9,0,2,1,0,0,2,0,1,1,1,0,0,0,2,1,2,1,4,0
5574,1,5,2,0,1,2,1,0,0,3,1,1,2,0,7,7,0,2,1,4,1,3,1
5575,1,5,2,0,1,2,1,0,0,3,1,1,2,2,7,7,0,2,1,4,1,4,1
5577,1,0,3,5,1,5,1,0,0,2,0,1,2,2,7,7,0,2,2,4,5,4,1
5578,0,5,3,1,0,5,1,1,1,10,0,1,2,2,7,4,0,2,1,0,7,4,2
5580,1,5,2,8,1,2,1,0,0,10,1,1,2,2,7,7,0,2,1,4,1,3,5
5582,0,2,3,4,0,5,1,1,1,10,0,1,0,2,7,4,0,2,1,0,7,4,2
5584,1,2,2,3,1,2,1,0,0,7,1,1,2,2,7,7,0,2,1,4,1,3,5
5587,1,0,3,5,1,5,1,0,0,10,0,1,2,2,7,7,0,2,2,4,5,4,3
5591,1,2,2,3,1,2,1,0,0,10,1,1,0,0,7,7,0,2,1,4,1,4,1
5592,1,2,3,9,0,2,1,0,0,7,0,1,1,1,6,0,0,2,1,2,1,4,4
5593,1,2,3,5,1,5,1,0,0,8,0,1,2,2,7,7,0,2,2,4,5,4,3
5597,1,2,2,0,1,2,1,0,0,7,1,1,2,2,7,7,0,2,1,4,1,4,5
5598,0,5,3,1,0,5,1,1,1,10,0,1,2,0,7,4,0,2,1,0,7,4,2
5601,0,2,3,4,0,5,1,1,1,10,0,1,2,2,7,4,0,2,1,0,7,4,2
5605,1,2,2,8,1,5,1,0,0,8,0,1,2,2,7,7,0,2,2,4,5,4,3
5607,1,2,3,9,0,2,1,0,0,2,0,1,1,1,4,4,0,2,1,2,1,4,1
5608,0,3,3,4,0,5,1,1,1,10,0,1,2,0,7,4,0,2,1,0,7,4,2
5609,1,2,2,3,1,2,1,0,0,7,1,1,0,2,7,7,0,2,1,4,1,4,1
5610,1,2,2,8,1,5,1,0,0,8,0,1,2,2,7,7,0,2,2,4,5,4,1
5611,1,2,0,3,0,2,1,0,0,3,0,1,1,1,4,6,0,2,1,2,1,5,1
5613,1,5,0,9,0,2,1,0,0,7,0,1,1,1,6,6,0,2,1,2,1,5,0
5616,1,2,3,9,0,2,1,0,0,2,0,1,1,1,6,4,0,2,1,2,1,4,1
5617,1,0,2,8,1,5,1,0,0,2,0,1,2,2,7,7,0,2,2,4,5,4,1
5618,1,5,2,0,1,2,1,0,0,7,1,1,2,0,7,7,0,2,1,4,1,4,5
5620,0,5,0,1,0,5,1,1,1,10,0,1,2,0,7,4,0,2,1,0,7,4,2
5621,1,2,2,8,1,2,1,0,0,3,1,1,0,2,7,7,0,2,1,4,1,4,5
5625,1,5,0,9,0,2,1,0,0,3,0,1,1,1,6,0,0,2,1,2,1,5,1
5626,1,2,2,3,1,2,1,0,0,3,1,1,0,2,7,7,0,2,1,4,1,4,1
5627,1,2,3,9,0,2,1,0,0,2,0,1,1,1,0,0,0,2,1,2,1,4,4
5629,1,2,2,0,1,2,1,0,0,7,1,1,0,2,7,7,0,2,1,4,1,4,1
5630,0,5,3,4,0,5,1,1,1,10,0,1,2,2,7,4,0,2,1,0,7,4,2
5631,1,2,3,9,0,2,1,0,0,2,0,1,1,1,6,4,0,2,1,2,1,4,0
5632,1,2,0,3,0,2,1,0,0,2,0,1,1,1,0,4,0,2,1,2,1,4,0
5633,1,0,3,0,1,5,1,0,0,8,0,1,2,2,7,7,0,2,2,4,5,4,1
5635,1,2,3,9,0,2,1,0,0,7,0,1,1,1,0,4,0,2,1,2,1,5,4
5636,1,2,0,9,0,2,1,0,0,2,0,1,1,1,4,6,0,2,1,2,1,4,4
5637,1,2,3,8,1,5,1,0,0,2,0,1,2,2,7,7,0,2,2,4,5,4,1
5639,1,2,3,9,0,2,1,0,0,2,0,1,1,1,4,4,0,2,1,2,1,4,4
5642,1,2,3,3,0,2,1,0,0,2,0,1,1,1,6,4,0,2,1,2,1,5,4
5643,1,2,3,9,0,2,1,0,0,2,0,1,1,1,6,0,0,2,1,2,1,4,1
5646,1,2,2,8,1,2,1,0,0,10,1,1,0,2,7,7,0,2,1,4,1,4,5
5647,1,5,2,8,1,2,1,0,0,10,1,1,0,0,7,7,0,2,1,4,1,3,1
5648,1,2,3,3,0,2,1,0,0,3,0,1,1,1,6,6,0,2,1,2,1,5,0
5650,1,2,3,9,0,2,1,0,0,7,0,1,1,1,4,4,0,2,1,2,1,5,1
5651,1,2,3,9,0,2,1,0,0,7,0,1,1,1,4,4,0,2,1,2,1,5,4
5654,1,5,3,9,0,2,1,0,0,3,0,1,1,1,6,4,0,2,1,2,1,4,1
5655,1,2,2,0,1,2,1,0,0,7,1,1,2,0,7,7,0,2,1,4,1,4,1
5656,1,5,3,3,0,2,1,0,0,2,0,1,1,1,6,6,0,2,1,2,1,4,0
5657,1,2,2,3,1,2,1,0,0,10,1,1,0,0,7,7,0,2,1,4,1,3,5
5658,1,5,2,8,1,2,1,0,0,7,1,1,0,2,7,7,0,2,1,4,1,4,1
5660,1,2,2,0,1,2,1,0,0,3,1,1,2,0,7,7,0,2,1,4,1,3,1
5662,1,2,3,9,0,2,1,0,0,2,0,1,1,1,6,4,0,2,1,2,1,5,1
5663,1,5,2,0,1,2,1,0,0,7,1,1,2,0,7,7,0,2,1,4,1,3,5
5664,0,3,0,4,0,5,1,1,1,10,0,1,0,2,7,4,0,2,1,0,7,4,2
5665,1,2,3,9,0,2,1,0,0,7,0,1,1,1,0,0,0,2,1,2,1,5,1
5666,0,3,3,1,0,5,1,1,1,10,0,1,0,0,7,4,0,2,1,0,7,4,2
5667,1,5,0,3,0,2,1,0,0,7,0,1,1,1,6,6,0,2,1,2,1,5,4
5670,1,5,2,0,1,2,1,0,0,3,1,1,0,0,7,7,0,2,1,4,1,4,1
5671,1,5,3,3,0,2,1,0,0,3,0,1,1,1,0,4,0,2,1,2,1,5,0
5672,1,2,3,9,0,2,1,0,0,7,0,1,1,1,6,0,0,2,1,2,1,5,1
5675,1,2,3,9,0,2,1,0,0,7,0,1,1,1,4,0,0,2,1,2,1,5,4
5676,1,5,2,3,1,2,1,0,0,3,1,1,0,0,7,7,0,2,1,4,1,4,1
5677,1,5,2,8,1,2,1,0,0,10,1,1,0,0,7,7,0,2,1,4,1,4,1
5678,1,2,2,0,1,2,1,0,0,10,1,1,0,2,7,7,0,2,1,4,1,3,1
5684,1,5,2,8,1,2,1,0,0,10,1,1,0,2,7,7,0,2,1,4,1,4,5
5685,1,2,3,9,0,2,1,0,0,7,0,1,1,1,6,0,0,2,1,2,1,4,0
5687,0,3,0,1,0,5,1,1,1,10,0,1,2,2,7,4,0,2,1,0,7,4,2
5688,1,5,2,3,1,2,1,0,0,7,1,1,2,0,7,7,0,2,1,4,1,4,5
5689,1,2,3,3,0,2,1,0,0,3,0,1,1,1,6,4,0,2,1,2,1,4,4
5693,1,5,3,9,0,2,1,0,0,3,0,1,1,1,6,0,0,2,1,2,1,4,1
5696,1,2,3,9,0,2,1,0,0,3,0,1,1,1,6,6,0,2,1,2,1,5,1
5699,1,2,3,9,0,2,1,0,0,7,0,1,1,1,6,6,0,2,1,2,1,4,0
5700,1,2,3,9,0,2,1,0,0,7,0,1,1,1,4,6,0,2,1,2,1,4,4
5701,1,2,3,9,0,2,1,0,0,2,0,1,1,1,0,4,0,2,1,2,1,5,4
5702,0,2,0,1,0,5,1,1,1,10,0,1,0,2,7,4,0,2,1,0,7,4,2
5703,1,0,3,0,1,5,1,0,0,10,0,1,2,2,7,7,0,2,2,4,5,4,1
5705,1,5,2,0,1,2,1,0,0,10,1,1,0,0,7,7,0,2,1,4,1,4,5
5706,1,5,2,3,1,2,1,0,0,10,1,1,2,2,7,7,0,2,1,4,1,4,1
5707,1,2,3,9,0,2,1,0,0,7,0,1,1,1,0,4,0,2,1,2,1,4,1
5708,1,5,2,3,1,2,1,0,0,7,1,1,2,2,7,7,0,2,1,4,1,3,5
5710,1,2,2,8,1,2,1,0,0,7,1,1,0,0,7,7,0,2,1,4,1,4,5
5712,1,2,2,0,1,2,1,0,0,3,1,1,2,2,7,7,0,2,1,4,1,4,1
5716,1,5,2,0,1,2,1,0,0,7,1,1,2,2,7,7,0,2,1,4,1,4,5
5717,1,3,1,8,1,5,1,1,1,10,0,1,2,2,7,7,0,2,1,4,7,1,2
5718,1,2,2,3,1,2,1,0,0,7,1,1,2,2,7,7,0,2,1,4,1,3,1
5723,1,2,2,8,1,2,1,0,0,3,1,1,0,0,7,7,0,2,1,4,1,3,1
5725,1,2,2,0,1,2,1,0,0,7,1,1,2,2,7,7,0,2,1,4,1,3,1
5726,1,0,2,8,1,5,1,0,0,8,0,1,2,2,7,7,0,2,2,4,5,4,3
5727,0,2,0,4,0,5,1,1,1,10,0,1,0,2,7,4,0,2,1,0,7,4,2
5728,1,2,2,3,1,2,1,0,0,7,1,1,2,2,7,7,0,2,1,4,1,4,5
5729,1,5,2,8,1,2,1,0,0,3,1,1,2,2,7,7,0,2,1,4,1,4,1
5730,1,2,3,9,0,2,1,0,0,7,0,1,1,1,6,4,0,2,1,2,1,4,1
5735,1,5,2,8,1,2,1,0,0,3,1,1,2,0,7,7,0,2,1,4,1,4,5
5738,1,2,3,8,1,5,1,0,0,10,0,1,2,2,7,7,0,2,2,4,5,4,1
5739,1,2,2,0,1,2,1,0,0,10,1,1,2,0,7,7,0,2,1,4,1,3,5
5740,1,5,2,3,1,2,1,0,0,7,1,1,2,2,7,7,0,2,1,4,1,4,1
5742,1,2,2,3,1,2,1,0,0,7,1,1,2,0,7,7,0,2,1,4,1,3,1
5744,1,2,3,0,1,5,1,0,0,2,0,1,2,2,7,7,0,2,2,4,5,4,3
5746,1,2,3,9,0,2,1,0,0,2,0,1,1,1,6,4,0,2,1,2,1,4,4
5747,1,5,2,0,1,2,1,0,0,10,1,1,0,0,7,7,0,2,1,4,1,3,5
5748,0,3,0,1,0,5,1,1,1,10,0,1,2,0,7,4,0,2,1,0,7,4,2
5749,1,2,2,3,1,2,1,0,0,7,1,1,2,0,7,7,0,2,1,4,1,4,5
5750,1,2,2,8,1,2,1,0,0,10,1,1,0,2,7,7,0,2,1,4,1,4,1
5751,1,0,2,0,1,5,1,0,0,8,0,1,2,2,7,7,0,2,2,4,5,4,3
5752,1,0,2,5,1,5,1,0,0,8,0,1,2,2,7,7,0,2,2,4,5,4,1
5753,1,2,2,8,1,2,1,0,0,10,1,1,2,0,7,7,0,2,1,4,1,3,1
5756,1,5,3,3,0,2,1,0,0,2,0,1,1,1,0,4,0,2,1,2,1,4,1
5759,1,5,2,0,1,2,1,0,0,7,1,1,2,2,7,7,0,2,1,4,1,3,5
5760,1,2,2,5,1,5,1,0,0,2,0,1,2,2,7,7,0,2,2,4,5,4,1
5762,1,5,2,8,1,2,1,0,0,3,1,1,0,0,7,7,0,2,1,4,1,4,5
5763,1,2,2,8,1,2,1,0,0,3,1,1,2,2,7,7,0,2,1,4,1,4,5
5765,1,2,2,8,1,2,1,0,0,3,1,1,0,2,7,7,0,2,1,4,1,3,1
5766,1,2,2,8,1,2,1,0,0,7,1,1,0,2,7,7,0,2,1,4,1,3,5
5772,1,5,2,0,1,2,1,0,0,7,1,1,0,0,7,7,0,2,1,4,1,3,5
5774,1,0,2,5,1,5,1,0,0,2,0,1,2,2,7,7,0,2,2,4,5,4,1
5775,1,5,2,0,1,2,1,0,0,7,1,1,0,0,7,7,0,2,1,4,1,4,5
5776,0,2,3,1,0,5,1,1,1,10,0,1,0,0,7,4,0,2,1,0,7,4,2
5778,1,5,2,0,1,2,1,0,0,10,1,1,2,0,7,7,0,2,1,4,1,4,5
5782,1,2,2,5,1,5,1,0,0,8,0,1,2,2,7,7,0,2,2,4,5,4,3
5784,1,2,3,9,0,2,1,0,0,2,0,1,1,1,6,6,0,2,1,2,1,5,4
5785,1,2,2,8,1,2,1,0,0,3,1,1,2,0,7,7,0,2,1,4,1,4,1
5786,1,5,3,3,0,2,1,0,0,3,0,1,1,1,0,0,0,2,1,2,1,4,1
5788,1,2,2,0,1,5,1,0,0,10,0,1,2,2,7,7,0,2,2,4,5,4,1
5789,1,0,2,5,1,5,1,0,0,10,0,1,2,2,7,7,0,2,2,4,5,4,3
5791,1,5,2,0,1,2,1,0,0,7,1,1,0,2,7,7,0,2,1,4,1,4,5
5792,1,5,3,9,0,2,1,0,0,3,0,1,1,1,6,0,0,2,1,2,1,5,4
5793,1,0,3,8,1,5,1,0,0,2,0,1,2,2,7,7,0,2,2,4,5,4,1
5794,0,2,3,4,0,5,1,1,1,10,0,1,2,0,7,4,0,2,1,0,7,4,2
5795,1,2,0,9,0,2,1,0,0,2,0,1,1,1,6,6,0,2,1,2,1,5,1
5796,1,2,3,9,0,2,1,0,0,3,0,1,1,1,6,0,0,2,1,2,1,4,4
5797,1,2,3,9,0,2,1,0,0,7,0,1,1,1,4,6,0,2,1,2,1,4,1
5798,1,5,2,3,1,2,1,0,0,3,1,1,2,0,7,7,0,2,1,4,1,3,5
5802,1,2,2,8,1,2,1,0,0,3,1,1,2,0,7,7,0,2,1,4,1,3,1
5803,1,2,0,3,0,2,1,0,0,7,0,1,1,1,0,4,0,2,1,2,1,5,1
5804,0,2,0,4,0,5,1,1,1,10,0,1,2,2,7,4,0,2,1,0,7,4,2
5805,1,5,2,3,1,2,1,0,0,10,1,1,0,2,7,7,0,2,1,4,1,3,1
5806,1,2,2,0,1,2,1,0,0,3,1,1,0,0,7,7,0,2,1,4,1,4,5
5808,1,5,2,0,1,2,1,0,0,3,1,1,2,2,7,7,0,2,1,4,1,3,5
5809,1,2,3,9,0,2,1,0,0,7,0,1,1,1,0,4,0,2,1,2,1,4,0
5811,1,2,2,8,1,2,1,0,0,7,1,1,2,2,7,7,0,2,1,4,1,4,1
5812,1,2,2,3,1,2,1,0,0,3,1,1,2,2,7,7,0,2,1,4,1,3,1
5813,1,2,3,9,0,2,1,0,0,7,0,1,1,1,4,4,0,2,1,2,1,4,1
5814,0,2,0,1,0,5,1,1,1,10,0,1,2,2,7,4,0,2,1,0,7,4,2
5818,1,2,2,8,1,2,1,0,0,7,1,1,2,0,7,7,0,2,1,4,1,3,1
5821,1,2,3,3,0,2,1,0,0,3,0,1,1,1,6,6,0,2,1,2,1,4,4
5822,1,5,2,8,1,2,1,0,0,10,1,1,0,0,7,7,0,2,1,4,1,4,5
5824,1,2,3,9,0,2,1,0,0,7,0,1,1,1,0,6,0,2,1,2,1,4,0
5825,1,2,3,9,0,2,1,0,0,7,0,1,1,1,4,6,0,2,1,2,1,4,0
5827,1,2,2,3,1,2,1,0,0,7,1,1,0,0,7,7,0,2,1,4,1,4,1
5829,1,2,3,9,0,2,1,0,0,7,0,1,1,1,4,0,0,2,1,2,1,5,0
5830,1,5,2,8,1,2,1,0,0,10,1,1,2,0,7,7,0,2,1,4,1,3,1
5832,1,2,3,9,0,2,1,0,0,7,0,1,1,1,0,4,0,2,1,2,1,5,1
5833,1,2,3,8,1,5,1,0,0,8,0,1,2,2,7,7,0,2,2,4,5,4,1
5838,1,2,2,3,1,2,1,0,0,7,1,1,0,2,7,7,0,2,1,4,1,3,5
5840,1,2,2,8,1,5,1,0,0,10,0,1,2,2,7,7,0,2,2,4,5,4,1
5841,1,5,3,9,0,2,1,0,0,2,0,1,1,1,6,0,0,2,1,2,1,4,0
5842,1,2,2,3,1,2,1,0,0,3,1,1,2,0,7,7,0,2,1,4,1,4,1
5843,1,2,3,9,0,2,1,0,0,2,0,1,1,1,6,4,0,2,1,2,1,5,4
5844,1,5,0,9,0,2,1,0,0,3,0,1,1,1,6,6,0,2,1,2,1,4,1
5845,1,2,3,9,0,2,1,0,0,3,0,1,1,1,6,4,0,2,1,2,1,5,0
5846,1,5,2,3,1,2,1,0,0,7,1,1,0,0,7,7,0,2,1,4,1,3,1
5848,1,2,2,8,1,2,1,0,0,10,1,1,0,2,7,7,0,2,1,4,1,3,1
5851,1,5,2,3,1,2,1,0,0,10,1,1,0,0,7,7,0,2,1,4,1,3,1
5852,1,2,3,9,0,2,1,0,0,2,0,1,1,1,6,6,0,2,1,2,1,5,1
5853,1,0,2,8,1,5,1,0,0,10,0,1,2,2,7,7,0,2,2,4,5,4,3
5855,1,0,2,0,1,5,1,0,0,10,0,1,2,2,7,7,0,2,2,4,5,4,3
5856,1,2,0,9,0,2,1,0,0,7,0,1,1,1,4,6,0,2,1,2,1,5,1
5857,1,5,3,3,0,2,1,0,0,2,0,1,1,1,4,0,0,2,1,2,1,5,0
5862,1,2,2,0,1,5,1,0,0,8,0,1,2,2,7,7,0,2,2,4,5,4,3
5866,1,5,2,3,1,2,1,0,0,10,1,1,2,2,7,7,0,2,1,4,1,3,5
5867,1,2,2,0,1,5,1,0,0,2,0,1,2,2,7,7,0,2,2,4,5,4,1
5870,1,2,3,9,0,2,1,0,0,3,0,1,1,1,0,0,0,2,1,2,1,5,1
5873,1,2,2,3,1,2,1,0,0,10,1,1,0,2,7,7,0,2,1,4,1,4,5
5876,1,2,3,9,0,2,1,0,0,2,0,1,1,1,0,6,0,2,1,2,1,5,4
5877,1,5,2,3,1,2,1,0,0,3,1,1,2,0,7,7,0,2,1,4,1,4,1
5879,1,2,2,3,1,2,1,0,0,3,1,1,2,0,7,7,0,2,1,4,1,4,5
5880,1,5,2,0,1,2,1,0,0,3,1,1,2,0,7,7,0,2,1,4,1,4,1
5881,1,5,0,9,0,2,1,0,0,3,0,1,1,1,0,6,0,2,1,2,1,5,1
5882,1,0,2,8,1,5,1,0,0,8,0,1,2,2,7,7,0,2,2,4,5,4,1
5885,1,2,3,9,0,2,1,0,0,7,0,1,1,1,0,4,0,2,1,2,1,4,4
5887,1,5,2,0,1,2,1,0,0,7,1,1,2,0,7,7,0,2,1,4,1,4,1
5888,1,2,2,3,1,2,1,0,0,10,1,1,0,0,7,7,0,2,1,4,1,4,5
5889,1,2,2,0,1,2,1,0,0,7,1,1,2,2,7,7,0,2,1,4,1,3,5
5890,1,2,3,9,0,2,1,0,0,7,0,1,1,1,0,0,0,2,1,2,1,5,0
5892,1,2,2,8,1,2,1,0,0,3,1,1,0,0,7,7,0,2,1,4,1,4,5
5896,1,2,2,0,1,2,1,0,0,7,1,1,0,2,7,7,0,2,1,4,1,3,5
5897,1,2,2,3,1,2,1,0,0,3,1,1,2,2,7,7,0,2,1,4,1,3,5
5899,1,2,3,9,0,2,1,0,0,7,0,1,1,1,0,6,0,2,1,2,1,5,1
5901,1,2,2,8,1,5,1,0,0,2,0,1,2,2,7,7,0,2,2,4,5,4,1
5902,1,2,3,3,0,2,1,0,0,7,0,1,1,1,0,4,0,2,1,2,1,5,0
5903,0,5,0,4,0,5,1,1,1,10,0,1,2,2,7,4,0,2,1,0,7,4,2
5904,1,2,3,9,0,2,1,0,0,7,0,1,1,1,0,4,0,2,1,2,1,5,0
5905,1,5,2,8,1,2,1,0,0,7,1,1,0,2,7,7,0,2,1,4,1,3,5
5908,1,5,2,3,1,2,1,0,0,10,1,1,0,0,7,7,0,2,1,4,1,4,1
5909,1,2,0,3,0,2,1,0,0,7,0,1,1,1,6,4,0,2,1,2,1,5,4
5910,1,5,2,8,1,2,1,0,0,3,1,1,2,0,7,7,0,2,1,4,1,3,1
5911,1,5,0,9,0,2,1,0,0,3,0,1,1,1,4,6,0,2,1,2,1,4,4
5912,1,2,2,8,1,2,1,0,0,7,1,1,2,2,7,7,0,2,1,4,1,3,5
5915,1,2,3,9,0,2,1,0,0,2,0,1,1,1,0,0,0,2,1,2,1,5,1
5918,1,5,2,3,1,2,1,0,0,7,1,1,0,0,7,7,0,2,1,4,1,4,5
5919,1,2,2,0,1,2,1,0,0,10,1,1,2,2,7,7,0,2,1,4,1,4,5
5920,1,2,3,9,0,2,1,0,0,2,0,1,1,1,0,6,0,2,1,2,1,4,4
5921,1,5,2,0,1,2,1,0,0,3,1,1,2,0,7,7,0,2,1,4,1,4,5
5922,1,2,2,8,1,2,1,0,0,3,1,1,2,2,7,7,0,2,1,4,1,4,1
5923,1,2,3,9,0,2,1,0,0,2,0,1,1,1,0,4,0,2,1,2,1,4,1
5924,1,2,3,9,0,2,1,0,0,7,0,1,1,1,4,6,0,2,1,2,1,5,0
5925,1,2,3,3,0,2,1,0,0,3,0,1,1,1,4,6,0,2,1,2,1,5,4
5926,1,2,0,3,0,2,1,0,0,2,0,1,1,1,0,4,0,2,1,2,1,4,4
5927,1,0,2,5,1,5,1,0,0,2,0,1,2,2,7,7,0,2,2,4,5,4,3
5929,1,0,2,8,1,5,1,0,0,10,0,1,2,2,7,7,0,2,2,4,5,4,1
5934,1,2,2,0,1,2,1,0,0,10,1,1,2,2,7,7,0,2,1,4,1,3,1
5936,1,5,2,3,1,2,1,0,0,10,1,1,0,0,7,7,0,2,1,4,1,4,5
5940,1,0,3,5,1,5,1,0,0,2,0,1,2,2,7,7,0,2,2,4,5,4,3
5941,1,5,2,3,1,2,1,0,0,10,1,1,2,0,7,7,0,2,1,4,1,4,1
5942,1,5,2,3,1,2,1,0,0,7,1,1,2,2,7,7,0,2,1,4,1,3,1
5943,1,5,0,9,0,2,1,0,0,7,0,1,1,1,4,4,0,2,1,2,1,4,1
5945,1,2,3,0,1,5,1,0,0,10,0,1,2,2,7,7,0,2,2,4,5,4,1
5946,1,5,2,0,1,2,1,0,0,3,1,1,0,0,7,7,0,2,1,4,1,4,5
5947,1,0,2,0,1,5,1,0,0,8,0,1,2,2,7,7,0,2,2,4,5,4,1
5949,0,5,3,4,0,5,1,1,1,10,0,1,0,2,7,4,0,2,1,0,7,4,2
5950,1,5,0,9,0,2,1,0,0,7,0,1,1,1,4,4,0,2,1,2,1,4,4
5951,1,2,2,0,1,2,1,0,0,3,1,1,2,0,7,7,0,2,1,4,1,4,1
5952,1,2,3,9,0,2,1,0,0,2,0,1,1,1,4,6,0,2,1,2,1,4,1
5954,1,2,0,9,0,2,1,0,0,3,0,1,1,1,6,6,0,2,1,2,1,5,4
5957,1,2,3,9,0,2,1,0,0,3,0,1,1,1,4,0,0,2,1,2,1,5,0
5958,1,5,3,9,0,2,1,0,0,2,0,1,1,1,4,0,0,2,1,2,1,5,1
5959,1,5,2,3,1,2,1,0,0,7,1,1,0,2,7,7,0,2,1,4,1,3,1
5962,0,2,3,4,0,5,1,1,1,10,0,1,0,0,7,4,0,2,1,0,7,4,2
5963,1,2,3,0,1,5,1,0,0,2,0,1,2,2,7,7,0,2,2,4,5,4,1
5965,1,2,3,3,0,2,1,0,0,3,0,1,1,1,6,4,0,2,1,2,1,4,1
5967,1,2,0,3,0,2,1,0,0,3,0,1,1,1,6,6,0,2,1,2,1,5,0
5968,1,2,0,3,0,2,1,0,0,7,0,1,1,1,0,6,0,2,1,2,1,4,0
5969,1,5,2,3,1,2,1,0,0,7,1,1,2,0,7,7,0,2,1,4,1,3,1
5972,1,2,2,5,1,5,1,0,0,2,0,1,2,2,7,7,0,2,2,4,5,4,3
5974,1,2,2,0,1,2,1,0,0,10,1,1,2,2,7,7,0,2,1,4,1,4,1
5975,1,5,2,0,1,2,1,0,0,10,1,1,2,2,7,7,0,2,1,4,1,4,5
5977,1,2,2,0,1,2,1,0,0,10,1,1,2,0,7,7,0,2,1,4,1,3,1
5978,0,5,0,4,0,5,1,1,1,10,0,1,0,0,7,4,0,2,1,0,7,4,2
5979,1,2,3,9,0,2,1,0,0,7,0,1,1,1,6,4,0,2,1,2,1,4,0
5981,1,2,2,8,1,2,1,0,0,10,1,1,2,2,7,7,0,2,1,4,1,3,5
5982,1,2,2,5,1,5,1,0,0,8,0,1,2,2,7,7,0,2,2,4,5,4,1
5983,1,2,3,9,0,2,1,0,0,7,0,1,1,1,6,4,0,2,1,2,1,5,0
5984,1,2,2,3,1,2,1,0,0,3,1,1,2,0,7,7,0,2,1,4,1,3,1
5986,1,2,3,9,0,2,1,0,0,2,0,1,1,1,0,0,0,2,1,2,1,4,1
5987,1,2,2,3,1,2,1,0,0,3,1,1,0,2,7,7,0,2,1,4,1,3,1
5988,1,2,2,8,1,2,1,0,0,3,1,1,2,0,7,7,0,2,1,4,1,3,5
5990,1,2,0,9,0,2,1,0,0,7,0,1,1,1,4,4,0,2,1,2,1,5,0
5992,1,0,3,0,1,5,1,0,0,2,0,1,2,2,7,7,0,2,2,4,5,4,1
5993,1,2,3,9,0,2,1,0,0,2,0,1,1,1,0,6,0,2,1,2,1,4,1
5998,1,2,2,0,1,2,1,0,0,7,1,1,2,0,7,7,0,2,1,4,1,4,5
5999,1,2,3,9,0,2,1,0,0,2,0,1,1,1,4,6,0,2,1,2,1,5,1
6120,0,5,2,1,1,5,1,0,0,10,0,1,2,2,7,7,0,2,2,4,7,4,4
6415,1,5,3,2,0,4,1,0,0,10,0,2,1,3,1,1,0,2,0,3,7,1,0
6668,1,3,3,1,0,4,0,0,0,10,0,2,1,3,1,1,0,2,0,3,7,1,0
6855,1,3,3,4,0,4,1,0,0,10,0,2,1,3,1,1,0,2,0,3,7,1,0
6904,0,5,3,1,1,5,1,0,0,10,0,1,2,2,7,7,0,2,2,4,7,5,4
6912,1,0,3,9,0,5,1,1,1,11,0,2,3,3,8,8,0,3,1,0,7,1,2
6928,0,5,3,5,1,5,1,0,0,10,0,1,2,2,7,7,0,2,2,4,7,5,4
6941,0,2,3,4,1,5,1,0,0,10,0,1,2,2,7,7,0,2,2,4,7,4,4
6945,1,2,3,2,0,4,0,0,0,10,0,2,1,3,1,1,0,2,0,3,7,1,0
6967,0,0,2,4,0,5,1,0,0,10,0,1,3,3,4,4,0,2,2,4,7,5,0
6970,0,5,2,4,0,5,1,0,0,10,0,1,3,3,4,4,0,2,2,4,7,5,0
6984,0,0,2,4,0,5,1,0,0,10,0,1,3,3,4,4,0,2,2,4,7,5,4
6991,1,3,3,2,0,4,1,0,0,11,0,2,1,3,1,1,0,2,0,3,7,1,0
7022,0,2,2,3,1,5,1,0,0,10,0,1,2,2,7,7,0,2,2,4,7,4,4
7034,1,3,3,1,0,4,1,0,0,10,0,2,1,3,1,1,0,2,0,3,7,1,0
7063,0,5,2,5,1,5,1,0,0,10,0,1,2,2,7,7,0,2,2,4,7,5,4
7065,1,5,3,4,0,4,0,0,0,10,0,2,1,3,1,1,0,2,0,3,7,1,0
7073,0,2,2,1,1,5,1,0,0,10,0,1,2,2,7,7,0,2,2,4,7,5,4
7091,1,2,3,4,0,4,1,0,0,10,0,2,1,3,1,1,0,2,0,3,7,1,0
7100,1,5,3,1,0,4,0,0,0,11,0,2,1,3,1,1,0,2,0,3,7,1,0
7111,1,3,3,4,0,4,0,0,0,10,0,2,1,3,1,1,0,2,0,3,7,1,0
7116,0,5,3,3,1,5,1,0,0,10,0,1,2,2,7,7,0,2,2,4,7,4,4
7146,1,2,3,1,0,4,1,0,0,10,0,2,1,3,1,1,0,2,0,3,7,1,0
7166,1,2,3,4,0,4,1,0,0,11,0,2,1,3,1,1,0,2,0,3,7,1,0
7181,0,2,3,1,1,5,1,0,0,10,0,1,2,2,7,7,0,2,2,4,7,5,4
7195,0,3,3,4,0,5,1,0,0,10,0,1,3,3,4,4,0,2,2,4,7,5,0
7230,1,2,3,2,0,4,1,0,0,11,0,2,1,3,1,1,0,2,0,3,7,1,0
7265,1,2,3,4,0,4,0,0,0,10,0,2,1,3,1,1,0,2,0,3,7,1,0
7285,1,5,3,2,0,4,0,0,0,11,0,2,1,3,1,1,0,2,0,3,7,1,0
7292,0,2,3,4,0,5,1,0,0,10,0,1,3,3,4,4,0,2,2,4,7,5,0
7295,1,3,3,9,0,5,1,1,1,11,0,2,3,3,8,8,0,3,1,0,7,1,2
7300,0,5,2,3,1,5,1,0,0,10,0,1,2,2,7,7,0,2,2,4,7,5,4
7323,1,5,3,4,0,4,1,0,0,11,0,2,1,3,1,1,0,2,0,3,7,1,0
7336,1,2,3,2,0,4,1,0,0,10,0,2,1,3,1,1,0,2,0,3,7,1,0
7342,1,3,3,1,0,4,1,0,0,11,0,2,1,3,1,1,0,2,0,3,7,1,0
7353,0,2,3,5,1,5,1,0,0,10,0,1,2,2,7,7,0,2,2,4,7,5,4
7360,0,5,2,1,1,5,1,0,0,10,0,1,2,2,7,7,0,2,2,4,7,5,4
7367,1,2,3,9,0,5,1,1,1,10,0,2,3,3,8,8,0,3,1,0,7,1,2
7368,1,5,3,1,0,4,0,0,0,10,0,2,1,3,1,1,0,2,0,3,7,1,0
7370,0,5,3,5,1,5,1,0,0,10,0,1,2,2,7,7,0,2,2,4,7,4,4
7377,0,2,2,4,1,5,1,0,0,10,0,1,2,2,7,7,0,2,2,4,7,5,4
7386,1,3,3,4,0,4,1,0,0,11,0,2,1,3,1,1,0,2,0,3,7,1,0
7401,1,1,3,9,0,5,1,1,1,11,0,2,3,3,8,8,0,3,1,0,7,1,2
7415,0,5,2,3,1,5,1,0,0,10,0,1,2,2,7,7,0,2,2,4,7,4,4
7422,0,2,2,5,1,5,1,0,0,10,0,1,2,2,7,7,0,2,2,4,7,5,4
7443,0,2,3,4,1,5,1,0,0,10,0,1,2,2,7,7,0,2,2,4,7,5,4
7449,0,3,3,4,0,5,1,0,0,10,0,1,3,3,4,4,0,2,2,4,7,5,4
7469,1,5,3,2,0,4,0,0,0,10,0,2,1,3,1,1,0,2,0,3,7,1,0
7480,1,3,3,4,0,4,0,0,0,11,0,2,1,3,1,1,0,2,0,3,7,1,0
7481,0,2,2,4,1,5,1,0,0,10,0,1,2,2,7,7,0,2,2,4,7,4,4
7483,1,2,3,9,0,5,1,1,1,11,0,2,3,3,8,8,0,3,1,0,7,1,2
7485,1,2,3,2,0,4,0,0,0,11,0,2,1,3,1,1,0,2,0,3,7,1,0
7533,0,5,2,4,0,5,1,0,0,10,0,1,3,3,4,4,0,2,2,4,7,5,4
7536,1,2,3,1,0,4,1,0,0,11,0,2,1,3,1,1,0,2,0,3,7,1,0
7548,0,2,2,5,1,5,1,0,0,10,0,1,2,2,7,7,0,2,2,4,7,4,4
7570,0,3,2,4,0,5,1,0,0,10,0,1,3,3,4,4,0,2,2,4,7,5,4
7597,0,5,2,4,1,5,1,0,0,10,0,1,2,2,7,7,0,2,2,4,7,4,4
7600,1,0,3,9,0,5,1,1,1,10,0,2,3,3,8,8,0,3,1,0,7,1,2
7602,0,5,2,4,1,5,1,0,0,10,0,1,2,2,7,7,0,2,2,4,7,5,4
7635,1,5,3,2,0,4,1,0,0,11,0,2,1,3,1,1,0,2,0,3,7,1,0
7673,0,2,3,1,1,5,1,0,0,10,0,1,2,2,7,7,0,2,2,4,7,4,4
7702,0,2,3,4,0,5,1,0,0,10,0,1,3,3,4,4,0,2,2,4,7,5,4
7704,0,2,2,3,1,5,1,0,0,10,0,1,2,2,7,7,0,2,2,4,7,5,4
7705,0,5,2,5,1,5,1,0,0,10,0,1,2,2,7,7,0,2,2,4,7,4,4
7706,1,1,3,9,0,5,1,1,1,10,0,2,3,3,8,8,0,3,1,0,7,1,2
7709,1,3,3,2,0,4,0,0,0,11,0,2,1,3,1,1,0,2,0,3,7,1,0
7714,1,5,3,1,0,4,1,0,0,10,0,2,1,3,1,1,0,2,0,3,7,1,0
7717,0,0,3,4,0,5,1,0,0,10,0,1,3,3,4,4,0,2,2,4,7,5,0
7721,0,5,3,4,1,5,1,0,0,10,0,1,2,2,7,7,0,2,2,4,7,4,4
7727,1,5,3,4,0,4,0,0,0,11,0,2,1,3,1,1,0,2,0,3,7,1,0
7739,1,3,3,9,0,5,1,1,1,10,0,2,3,3,8,8,0,3,1,0,7,1,2
7779,0,3,2,4,0,5,1,0,0,10,0,1,3,3,4,4,0,2,2,4,7,5,0
7801,1,2,3,1,0,4,0,0,0,10,0,2,1,3,1,1,0,2,0,3,7,1,0
7805,1,5,3,4,0,4,1,0,0,10,0,2,1,3,1,1,0,2,0,3,7,1,0
7820,1,3,3,2,0,4,1,0,0,10,0,2,1,3,1,1,0,2,0,3,7,1,0
7887,0,5,3,4,0,5,1,0,0,10,0,1,3,3,4,4,0,2,2,4,7,5,0
7898,0,2,3,3,1,5,1,0,0,10,0,1,2,2,7,7,0,2,2,4,7,4,4
7910,1,2,3,4,0,4,0,0,0,11,0,2,1,3,1,1,0,2,0,3,7,1,0
7919,0,2,3,5,1,5,1,0,0,10,0,1,2,2,7,7,0,2,2,4,7,4,4
7931,0,2,2,4,0,5,1,0,0,10,0,1,3,3,4,4,0,2,2,4,7,5,4
7940,0,2,3,3,1,5,1,0,0,10,0,1,2,2,7,7,0,2,2,4,7,5,4
7941,1,3,3,2,0,4,0,0,0,10,0,2,1,3,1,1,0,2,0,3,7,1,0
7946,0,5,3,1,1,5,1,0,0,10,0,1,2,2,7,7,0,2,2,4,7,4,4
7952,0,2,2,1,1,5,1,0,0,10,0,1,2,2,7,7,0,2,2,4,7,4,4
7965,0,5,3,4,1,5,1,0,0,10,0,1,2,2,7,7,0,2,2,4,7,5,4
7981,1,3,3,1,0,4,0,0,0,11,0,2,1,3,1,1,0,2,0,3,7,1,0
7984,0,2,2,4,0,5,1,0,0,10,0,1,3,3,4,4,0,2,2,4,7,5,0
7986,0,0,3,4,0,5,1,0,0,10,0,1,3,3,4,4,0,2,2,4,7,5,4
8001,0,5,3,4,0,5,1,0,0,10,0,1,3,3,4,4,0,2,2,4,7,5,4
8038,0,5,3,3,1,5,1,0,0,10,0,1,2,2,7,7,0,2,2,4,7,5,4
8095,1,5,3,1,0,4,1,0,0,11,0,2,1,3,1,1,0,2,0,3,7,1,0
8114,1,2,3,1,0,4,0,0,0,11,0,2,1,3,1,1,0,2,0,3,7,1,0
3984,0,5,3,0,1,5,1,0,0,1,0,1,2,2,2,7,0,2,2,0,7,1,6
4023,1,5,3,2,0,8,1,0,1,0,1,3,1,2,7,7,0,2,1,0,7,4,4
4076,0,2,3,7,0,5,1,0,1,3,0,3,2,0,7,7,0,2,1,1,1,5,0
4100,1,5,3,2,0,8,1,0,1,0,1,3,1,2,6,6,0,2,1,0,7,4,0
4104,1,5,3,4,0,2,1,0,1,0,1,3,2,2,6,6,0,2,1,0,7,4,2
4196,1,5,3,4,0,8,1,0,1,0,1,3,1,1,6,6,0,2,1,0,7,4,0
4200,1,5,3,4,0,8,1,0,1,0,1,3,2,1,6,7,0,2,1,0,7,4,2
4283,0,2,2,5,1,5,1,0,0,1,0,1,2,2,7,7,0,2,2,0,7,1,6
4291,0,3,2,5,1,5,1,0,0,1,0,1,2,2,7,2,0,2,2,0,7,1,6
4326,0,5,3,6,0,5,1,0,1,7,0,3,2,0,7,7,0,2,1,1,1,4,0
4329,1,5,3,4,0,7,1,0,1,0,1,3,1,2,7,7,0,2,1,0,7,4,4
4331,1,3,3,4,0,5,1,0,1,10,0,1,1,3,7,4,0,2,1,0,7,4,0
4357,0,5,2,2,1,5,1,0,0,1,0,1,2,2,7,2,0,2,2,0,7,1,6
4376,1,5,3,4,0,8,1,0,1,0,1,3,2,1,7,6,0,2,1,0,7,4,0
4380,0,5,3,0,1,5,1,0,0,1,0,1,2,2,7,2,0,2,2,0,7,1,6
4396,0,5,3,7,0,5,1,0,1,3,0,3,2,0,7,7,0,2,1,1,1,5,0
4419,0,5,2,0,1,5,1,0,0,1,0,3,2,2,7,7,0,2,2,0,7,1,6
4429,1,5,3,4,0,8,1,0,1,0,1,3,1,2,7,6,0,2,1,0,7,4,0
4459,0,3,3,0,1,5,1,0,0,1,0,1,2,2,2,2,0,2,2,0,7,1,6
4461,1,5,3,4,0,7,1,0,1,0,1,3,2,1,6,7,0,2,1,0,7,4,0
4494,1,2,0,9,0,5,1,0,1,10,0,2,1,3,7,8,0,2,1,0,7,4,0
4497,0,2,2,4,1,5,1,0,0,1,0,1,2,2,7,7,0,2,2,0,7,1,6
4498,1,5,3,4,0,8,1,0,1,0,1,3,2,1,6,6,0,2,1,0,7,4,4
4519,0,5,2,0,1,5,1,0,0,10,0,1,2,2,2,7,0,2,2,0,7,1,6
4522,1,5,3,4,0,7,1,0,1,0,1,3,2,2,6,6,0,2,1,0,7,4,2
4533,0,5,3,7,0,5,1,0,1,3,0,3,2,0,7,7,0,2,1,1,1,4,0
4534,0,2,3,0,1,5,1,0,0,1,0,1,2,2,2,2,0,2,2,0,7,1,6
4557,0,5,3,7,0,5,1,0,1,9,0,3,2,0,7,7,0,2,1,1,1,4,0
4610,1,5,3,4,0,8,1,0,1,0,1,3,2,2,6,7,0,2,1,0,7,4,0
4611,0,2,3,0,1,5,1,0,0,10,0,1,2,2,7,7,0,2,2,0,7,1,6
4647,0,2,3,7,0,5,1,0,1,3,0,3,2,0,7,7,0,2,1,1,1,4,0
4662,0,2,3,2,1,5,1,0,0,10,0,1,2,2,7,7,0,2,2,0,7,1,6
4663,0,5,3,7,0,5,1,0,1,10,0,3,2,0,7,7,0,2,1,1,1,5,0
4673,0,2,2,5,1,5,1,0,0,10,0,1,2,2,7,2,0,2,2,0,7,1,6
4717,0,2,3,7,0,5,1,0,1,9,0,3,2,0,7,7,0,2,1,1,1,4,0
4722,1,5,3,4,0,2,1,0,1,0,1,3,1,2,6,6,0,2,1,0,7,4,2
4777,0,5,2,5,1,5,1,0,0,1,0,3,2,2,7,7,0,2,2,0,7,1,6
4801,1,5,3,4,0,2,1,0,1,0,1,3,2,1,6,7,0,2,1,0,7,4,4
4806,0,2,3,2,1,5,1,0,0,1,0,1,2,2,7,2,0,2,2,0,7,1,6
4812,0,2,3,4,1,5,1,0,0,1,0,1,2,2,2,2,0,2,2,0,7,1,6
4814,1,3,0,4,0,5,1,0,1,10,0,1,1,3,7,4,0,2,1,0,7,4,0
4817,1,5,3,4,0,7,1,0,1,0,1,3,2,1,7,6,0,2,1,0,7,4,4
4824,0,5,3,2,1,5,1,0,0,10,0,1,2,2,2,2,0,2,2,0,7,1,6
4826,1,0,0,9,0,5,1,0,1,10,0,1,1,3,7,4,0,2,1,0,7,4,0
4831,0,3,3,2,1,5,1,0,0,1,0,1,2,2,7,7,0,2,2,0,7,1,6
4844,0,2,3,5,1,5,1,0,0,10,0,1,2,2,2,2,0,2,2,0,7,1,6
4846,0,3,3,4,1,5,1,0,0,10,0,1,2,2,7,7,0,2,2,0,7,1,6
4858,0,3,2,2,1,5,1,0,0,10,0,1,2,2,2,7,0,2,2,0,7,1,6
4859,0,2,3,4,1,5,1,0,0,1,0,1,2,2,2,7,0,2,2,0,7,1,6
4860,0,2,2,0,1,5,1,0,0,10,0,1,2,2,2,7,0,2,2,0,7,1,6
4869,1,5,3,4,0,2,1,0,1,0,1,3,1,1,7,7,0,2,1,0,7,4,2
4871,0,2,3,4,1,5,1,0,0,1,0,1,2,2,7,7,0,2,2,0,7,1,6
4884,1,5,3,4,0,2,1,0,1,0,1,3,1,2,6,7,0,2,1,0,7,4,0
4888,0,2,3,5,1,5,1,0,0,1,0,1,2,2,2,2,0,2,2,0,7,1,6
4898,0,5,3,6,0,5,1,0,1,7,0,3,2,0,7,7,0,2,1,1,1,5,0
4899,0,2,3,8,0,5,1,0,1,3,0,3,2,0,7,7,0,2,1,1,1,4,0
4903,1,5,3,2,0,8,1,0,1,0,1,3,1,1,6,7,0,2,1,0,7,4,4
4904,1,5,3,2,0,8,1,0,1,0,1,3,1,1,6,7,0,2,1,0,7,4,2
4911,0,2,2,2,1,5,1,0,0,10,0,1,2,2,7,2,0,2,2,0,7,1,6
4926,0,3,2,0,1,5,1,0,0,1,0,1,2,2,7,7,0,2,2,0,7,1,6
4931,0,5,3,2,1,5,1,0,0,1,0,1,2,2,2,2,0,2,2,0,7,1,6
4938,1,5,3,4,0,7,1,0,1,0,1,3,2,1,7,7,0,2,1,0,7,4,4
4939,0,3,2,0,1,5,1,0,0,10,0,1,2,2,2,7,0,2,2,0,7,1,6
4945,0,3,2,5,1,5,1,0,0,10,0,1,2,2,2,2,0,2,2,0,7,1,6
4946,1,2,3,4,0,5,1,0,1,10,0,1,1,3,7,4,0,2,1,0,7,4,0
4951,0,2,2,0,1,5,1,0,0,10,0,1,2,2,7,7,0,2,2,0,7,1,6
4964,0,2,2,0,1,5,1,0,0,10,0,1,2,2,7,2,0,2,2,0,7,1,6
4965,0,5,2,5,1,5,1,0,0,10,0,1,2,2,2,2,0,2,2,0,7,1,6
4966,0,3,2,4,1,5,1,0,0,1,0,1,2,2,7,7,0,2,2,0,7,1,6
4984,0,2,3,7,0,5,1,0,1,10,0,3,2,0,7,7,0,2,1,1,1,5,0
4986,1,5,3,4,0,8,1,0,1,0,1,3,2,2,7,6,0,2,1,0,7,4,2
4993,0,2,2,0,1,5,1,0,0,1,0,1,2,2,7,7,0,2,2,0,7,1,6
4996,0,5,2,4,1,5,1,0,0,10,0,1,2,2,7,2,0,2,2,0,7,1,6
4999,1,5,3,4,0,2,1,0,1,0,1,1,1,1,6,6,0,2,1,0,7,4,4
5001,1,5,3,4,0,5,1,0,1,10,0,1,1,3,7,4,0,2,1,0,7,4,0
5005,0,2,3,7,0,5,1,0,1,9,0,3,2,0,7,7,0,2,1,1,1,5,0
5010,0,5,3,2,1,5,1,0,0,10,0,1,2,2,2,7,0,2,2,0,7,1,6
5015,0,3,2,0,1,5,1,0,0,10,0,1,2,2,7,2,0,2,2,0,7,1,6
5023,0,2,3,7,0,5,1,0,1,7,0,3,2,0,7,7,0,2,1,1,1,4,0
5041,1,5,3,4,0,7,1,0,1,0,1,3,1,1,7,7,0,2,1,0,7,4,2
5051,1,5,3,2,0,8,1,0,1,0,1,3,1,1,7,7,0,2,1,0,7,4,2
5052,0,3,3,0,1,5,1,0,0,1,0,1,2,2,2,7,0,2,2,0,7,1,6
5053,0,2,3,0,1,5,1,0,0,10,0,1,2,2,2,7,0,2,2,0,7,1,6
5070,0,5,3,8,0,5,1,0,1,9,0,3,2,0,7,7,0,2,1,1,1,5,0
5071,0,5,2,2,1,5,1,0,0,1,0,3,2,2,7,7,0,2,2,0,7,1,6
5074,1,5,3,4,0,8,1,0,1,0,1,3,1,2,6,7,0,2,1,0,7,4,2
5085,1,3,0,9,0,5,1,0,1,10,0,1,1,3,7,4,0,2,1,0,7,4,0
5098,0,3,3,5,1,5,1,0,0,1,0,1,2,2,7,7,0,2,2,0,7,1,6
5101,0,3,3,0,1,5,1,0,0,1,0,1,2,2,7,2,0,2,2,0,7,1,6
5104,1,5,3,4,0,7,1,0,1,0,1,3,1,1,7,7,0,2,1,0,7,4,4
5105,1,5,3,4,0,8,1,0,1,0,1,3,2,1,7,7,0,2,1,0,7,4,0
5106,1,5,3,2,0,8,1,0,1,0,1,3,1,1,7,7,0,2,1,0,7,4,4
5113,0,2,3,5,1,5,1,0,0,10,0,1,2,2,7,2,0,2,2,0,7,1,6
5116,1,5,3,2,0,8,1,0,1,0,1,3,1,2,6,6,0,2,1,0,7,4,4
5131,1,0,0,9,0,5,1,0,1,10,0,2,1,3,7,8,0,2,1,0,7,4,0
5132,1,5,3,4,0,7,1,0,1,0,1,3,2,2,7,6,0,2,1,0,7,4,0
5133,1,5,3,4,0,8,1,0,1,0,1,3,1,2,6,6,0,2,1,0,7,4,0
5134,0,3,2,4,1,5,1,0,0,10,0,1,2,2,2,7,0,2,2,0,7,1,6
5135,0,3,3,0,1,5,1,0,0,10,0,2,2,2,2,2,0,2,2,0,7,1,6
5141,1,5,3,4,0,2,1,0,1,0,1,3,1,2,6,6,0,2,1,0,7,4,4
5142,1,5,3,2,0,8,1,0,1,0,1,3,1,1,6,6,0,2,1,0,7,4,4
5144,0,5,2,2,1,5,1,0,0,1,0,1,2,2,2,7,0,2,2,0,7,1,6
5145,1,5,3,4,0,2,1,0,1,0,1,3,1,1,6,6,0,2,1,0,7,4,2
5147,1,5,3,4,0,8,1,0,1,0,1,3,1,2,7,7,0,2,1,0,7,4,0
5149,1,5,3,4,0,2,1,0,1,0,1,3,2,1,7,6,0,2,1,0,7,4,4
5150,0,5,2,0,1,5,1,0,0,1,0,1,2,2,2,2,0,2,2,0,7,1,6
5151,0,2,3,4,1,5,1,0,0,10,0,1,2,2,7,2,0,2,2,0,7,1,6
5154,1,5,3,4,0,5,1,0,1,10,0,1,1,3,7,8,0,2,1,0,7,4,0
5155,1,5,3,4,0,8,1,0,1,0,1,3,2,1,7,7,0,2,1,0,7,4,2
5160,1,5,3,4,0,2,1,0,1,0,1,3,2,1,7,7,0,2,1,0,7,4,2
5162,1,2,0,4,0,5,1,0,1,10,0,1,1,3,7,8,0,2,1,0,7,4,0
5163,0,5,3,2,1,5,1,0,0,10,0,1,2,2,7,7,0,2,2,0,7,1,6
5166,0,3,3,2,1,5,1,0,0,10,0,1,2,2,2,2,0,2,2,0,7,1,6
5168,1,5,0,4,0,5,1,0,1,10,0,1,1,3,7,4,0,2,1,0,7,4,0
5169,0,5,3,4,1,5,1,0,0,1,0,1,2,2,2,7,0,2,2,0,7,1,6
5175,0,5,2,5,1,5,1,0,0,10,0,1,2,2,7,7,0,2,2,0,7,1,6
5176,0,2,2,5,1,5,1,0,0,1,0,1,2,2,2,2,0,2,2,0,7,1,6
5179,0,2,2,4,1,5,1,0,0,10,0,1,2,2,2,7,0,2,2,0,7,1,6
5186,1,5,3,2,0,8,1,0,1,0,1,3,1,2,7,7,0,2,1,0,7,4,0
5188,0,5,3,8,0,5,1,0,1,3,0,3,2,0,7,7,0,2,1,1,1,4,0
5192,1,5,3,4,0,7,1,0,1,0,1,3,2,2,7,7,0,2,1,0,7,4,0
5193,0,3,2,5,1,5,1,0,0,10,0,1,2,2,2,7,0,2,2,0,7,1,6
5194,1,5,3,4,0,2,1,0,1,0,1,3,1,1,7,6,0,2,1,0,7,4,2
5197,0,3,3,5,1,5,1,0,0,1,0,1,2,2,7,2,0,2,2,0,7,1,6
5202,1,5,3,4,0,2,1,0,1,0,1,3,2,2,7,7,0,2,1,0,7,4,4
5205,1,2,0,4,0,5,1,0,1,10,0,1,1,3,7,4,0,2,1,0,7,4,0
5206,0,3,2,0,1,5,1,0,0,10,0,1,2,2,7,7,0,2,2,0,7,1,6
5208,1,5,3,2,0,8,1,0,1,0,1,3,1,2,6,7,0,2,1,0,7,4,2
5210,0,2,2,4,1,5,1,0,0,1,0,1,2,2,7,2,0,2,2,0,7,1,6
5212,1,5,3,4,0,8,1,0,1,0,1,3,2,2,6,6,0,2,1,0,7,4,0
5216,0,3,3,0,1,5,1,0,0,10,0,1,2,2,2,7,0,2,2,0,7,1,6
5218,1,5,3,4,0,8,1,0,1,0,1,3,2,2,7,6,0,2,1,0,7,4,0
5219,0,3,3,4,1,5,1,0,0,10,0,1,2,2,2,7,0,2,2,0,7,1,6
5221,0,5,3,5,1,5,1,0,0,10,0,1,2,2,2,2,0,2,2,0,7,1,6
5223,0,5,2,5,1,5,1,0,0,1,0,3,2,2,7,2,0,2,2,0,7,1,6
5224,1,0,3,4,0,5,1,0,1,10,0,1,1,3,7,4,0,2,1,0,7,4,0
5226,1,5,3,4,0,2,1,0,1,0,1,3,1,2,6,7,0,2,1,0,7,4,4
5227,1,5,3,4,0,2,1,0,1,0,1,3,1,1,7,7,0,2,1,0,7,4,0
5229,1,5,3,4,0,2,1,0,1,0,1,3,2,2,7,6,0,2,1,0,7,4,2
5230,0,3,3,5,1,5,1,0,0,10,0,1,2,2,7,2,0,2,2,0,7,1,6
5233,0,5,2,4,1,5,1,0,0,10,0,1,2,2,2,7,0,2,2,0,7,1,6
5239,1,3,0,9,0,5,1,0,1,10,0,2,1,3,7,8,0,2,1,0,7,4,0
5241,1,2,3,9,0,5,1,0,1,10,0,2,1,3,7,8,0,2,1,0,7,4,0
5243,0,3,2,0,1,5,1,0,0,1,0,1,2,2,7,2,0,2,2,0,7,1,6
5245,1,5,3,4,0,8,1,0,1,0,1,3,2,2,7,7,0,2,1,0,7,4,4
5252,0,3,3,0,1,5,1,0,0,10,0,1,2,2,7,2,0,2,2,0,7,1,6
5257,0,3,2,4,1,5,1,0,0,10,0,1,2,2,7,2,0,2,2,0,7,1,6
5259,1,5,0,9,0,5,1,0,1,10,0,1,1,3,7,8,0,2,1,0,7,4,0
5262,1,3,3,4,0,5,1,0,1,10,0,1,1,3,7,8,0,2,1,0,7,4,0
5264,0,2,2,2,1,5,1,0,0,10,0,1,2,2,7,7,0,2,2,0,7,1,6
5265,1,5,3,4,0,2,1,0,1,0,1,1,2,2,6,6,0,2,1,0,7,4,0
5266,1,5,3,4,0,8,1,0,1,0,1,3,2,2,7,7,0,2,1,0,7,4,0
5267,1,5,3,4,0,8,1,0,1,0,1,3,2,2,7,7,0,2,1,0,7,4,2
5269,0,3,2,4,1,5,1,0,0,1,0,1,2,2,2,2,0,2,2,0,7,1,6
5271,0,5,2,0,1,5,1,0,0,1,0,1,2,2,7,2,0,2,2,0,7,1,6
5274,1,5,3,4,0,7,1,0,1,0,1,3,1,2,7,7,0,2,1,0,7,4,2
5277,1,3,3,9,0,5,1,0,1,10,0,2,1,3,7,8,0,2,1,0,7,4,0
5280,0,3,3,5,1,5,1,0,0,10,0,1,2,2,2,7,0,2,2,0,7,1,6
5283,0,2,3,8,0,5,1,0,1,9,0,3,2,0,7,7,0,2,1,1,1,5,0
5284,0,5,3,6,0,5,1,0,1,10,0,3,2,0,7,7,0,2,1,1,1,4,0
5285,0,5,2,0,1,5,1,0,0,10,0,1,2,2,7,2,0,2,2,0,7,1,6
5287,1,5,3,2,0,8,1,0,1,0,1,3,2,1,6,7,0,2,1,0,7,4,0
5291,0,2,2,2,1,5,1,0,0,1,0,1,2,2,2,7,0,2,2,0,7,1,6
5292,1,5,3,2,0,8,1,0,1,0,1,3,1,1,7,6,0,2,1,0,7,4,0
5295,0,5,2,4,1,5,1,0,0,1,0,1,2,2,2,7,0,2,2,0,7,1,6
5297,1,5,3,4,0,7,1,0,1,0,1,3,2,2,6,7,0,2,1,0,7,4,2
5302,0,5,3,6,0,5,1,0,1,10,0,1,2,0,7,7,0,2,1,1,1,5,0
5304,1,5,3,4,0,2,1,0,1,0,1,3,2,1,6,6,0,2,1,0,7,4,2
5305,1,5,3,4,0,7,1,0,1,0,1,3,2,2,7,7,0,2,1,0,7,4,2
5306,0,2,3,2,1,5,1,0,0,10,0,1,2,2,2,7,0,2,2,0,7,1,6
5308,0,3,3,4,1,5,1,0,0,10,0,1,2,2,7,2,0,2,2,0,7,1,6
5309,0,2,3,2,1,5,1,0,0,1,0,1,2,2,7,7,0,2,2,0,7,1,6
5310,1,5,3,4,0,2,1,0,1,0,1,3,2,1,6,6,0,2,1,0,7,4,4
5311,1,0,3,4,0,5,1,0,1,10,0,1,1,3,7,8,0,2,1,0,7,4,0
5312,1,5,3,4,0,7,1,0,1,0,1,3,2,2,7,6,0,2,1,0,7,4,4
5313,0,2,3,0,1,5,1,0,0,1,0,1,2,2,7,2,0,2,2,0,7,1,6
5316,0,2,3,4,1,5,1,0,0,10,0,1,2,2,7,7,0,2,2,0,7,1,6
5321,1,5,3,4,0,7,1,0,1,0,1,3,2,2,7,6,0,2,1,0,7,4,2
5324,1,5,3,4,0,2,1,0,1,0,1,3,1,2,7,7,0,2,1,0,7,4,4
5325,0,2,3,8,0,5,1,0,1,7,0,3,2,0,7,7,0,2,1,1,1,4,0
5326,1,5,3,4,0,7,1,0,1,0,1,3,1,2,6,7,0,2,1,0,7,4,2
5328,1,5,3,2,0,8,1,0,1,0,1,3,1,2,6,6,0,2,1,0,7,4,2
5332,1,3,3,9,0,5,1,0,1,10,0,1,1,3,7,4,0,2,1,0,7,4,0
5337,1,5,3,4,0,7,1,0,1,0,1,3,1,1,7,6,0,2,1,0,7,4,4
5340,0,5,2,5,1,5,1,0,0,1,0,1,2,2,2,2,0,2,2,0,7,1,6
5342,1,5,0,9,0,5,1,0,1,10,0,1,1,3,7,4,0,2,1,0,7,4,0
5346,1,5,3,4,0,8,1,0,1,0,1,3,2,1,7,6,0,2,1,0,7,4,2
5351,0,5,3,6,0,5,1,0,1,3,0,3,2,0,7,7,0,2,1,1,1,4,0
5354,1,5,3,4,0,2,1,0,1,0,1,1,2,2,6,6,0,2,1,0,7,4,4
5360,1,5,3,4,0,2,1,0,1,0,1,1,2,2,6,7,0,2,1,0,7,4,0
5361,1,5,3,9,0,5,1,0,1,10,0,1,1,3,7,4,0,2,1,0,7,4,0
5362,0,2,2,4,1,5,1,0,0,1,0,1,2,2,2,2,0,2,2,0,7,1,6
5365,1,5,3,4,0,8,1,0,1,0,1,3,1,2,6,6,0,2,1,0,7,4,2
5371,0,3,2,5,1,5,1,0,0,10,0,1,2,2,7,2,0,2,2,0,7,1,6
5375,1,5,3,4,0,2,1,0,1,0,1,1,2,2,7,7,0,2,1,0,7,4,0
5378,0,5,3,5,1,5,1,0,0,10,0,1,2,2,7,7,0,2,2,0,7,1,6
5379,1,5,3,4,0,7,1,0,1,0,1,3,2,1,6,7,0,2,1,0,7,4,4
5382,0,2,3,0,1,5,1,0,0,1,0,1,2,2,2,7,0,2,2,0,7,1,6
5385,0,2,2,5,1,5,1,0,0,1,0,1,2,2,7,2,0,2,2,0,7,1,6
5387,0,2,2,5,1,5,1,0,0,10,0,1,2,2,2,2,0,2,2,0,7,1,6
5389,0,3,2,2,1,5,1,0,0,10,0,1,2,2,7,2,0,2,2,0,7,1,6
5390,0,3,3,2,1,5,1,0,0,10,0,1,2,2,7,2,0,2,2,0,7,1,6
5392,0,3,2,0,1,5,1,0,0,1,0,1,2,2,2,7,0,2,2,0,7,1,6
5394,1,0,3,9,0,5,1,0,1,10,0,2,1,3,7,8,0,2,1,0,7,4,0
5398,1,0,0,4,0,5,1,0,1,10,0,1,1,3,7,8,0,2,1,0,7,4,0
5402,1,5,3,2,0,8,1,0,1,0,1,3,1,1,6,7,0,2,1,0,7,4,0
5404,1,5,3,4,0,2,1,0,1,0,1,3,1,1,7,7,0,2,1,0,7,4,4
5411,1,5,3,4,0,8,1,0,1,0,1,3,1,1,6,6,0,2,1,0,7,4,4
5413,0,5,2,4,1,5,1,0,0,1,0,3,2,2,7,7,0,2,2,0,7,1,6
5415,0,2,2,0,1,5,1,0,0,1,0,1,2,2,7,2,0,2,2,0,7,1,6
5416,0,2,2,2,1,5,1,0,0,10,0,1,2,2,2,7,0,2,2,0,7,1,6
5417,0,5,2,4,1,5,1,0,0,1,0,1,2,2,2,2,0,2,2,0,7,1,6
5420,0,2,2,5,1,5,1,0,0,1,0,1,2,2,2,7,0,2,2,0,7,1,6
5421,0,5,2,2,1,5,1,0,0,10,0,1,2,2,7,2,0,2,2,0,7,1,6
5430,0,2,3,6,0,5,1,0,1,3,0,3,2,0,7,7,0,2,1,1,1,5,0
5432,1,5,3,4,0,2,1,0,1,0,1,3,2,1,7,7,0,2,1,0,7,4,0
5436,0,5,3,7,0,5,1,0,1,7,0,3,2,0,7,7,0,2,1,1,1,5,0
5440,1,5,3,4,0,8,1,0,1,0,1,3,1,1,6,7,0,2,1,0,7,4,0
5441,1,5,3,4,0,7,1,0,1,0,1,3,1,1,7,6,0,2,1,0,7,4,2
5443,0,5,3,5,1,5,1,0,0,1,0,1,2,2,2,2,0,2,2,0,7,1,6
5446,1,5,3,4,0,8,1,0,1,0,1,3,1,2,7,7,0,2,1,0,7,4,4
5448,1,5,3,4,0,8,1,0,1,0,1,3,1,2,7,6,0,2,1,0,7,4,4
5461,1,5,3,4,0,7,1,0,1,0,1,3,2,1,7,6,0,2,1,0,7,4,0
5463,0,3,2,2,1,5,1,0,0,1,0,1,2,2,2,7,0,2,2,0,7,1,6
5465,1,5,3,4,0,8,1,0,1,0,1,3,2,2,6,6,0,2,1,0,7,4,4
5466,0,3,3,4,1,5,1,0,0,1,0,1,2,2,7,2,0,2,2,0,7,1,6
5469,1,5,3,4,0,8,1,0,1,0,1,3,1,1,7,6,0,2,1,0,7,4,0
5471,1,5,3,4,0,8,1,0,1,0,1,3,2,2,6,7,0,2,1,0,7,4,2
5473,1,5,3,2,0,8,1,0,1,0,1,3,1,2,6,7,0,2,1,0,7,4,0
5479,0,3,3,5,1,5,1,0,0,10,0,1,2,2,2,2,0,2,2,0,7,1,6
5481,0,3,2,5,1,5,1,0,0,1,0,1,2,2,7,7,0,2,2,0,7,1,6
5483,1,5,3,4,0,8,1,0,1,0,1,3,1,2,6,7,0,2,1,0,7,4,4
5487,0,5,3,2,1,5,1,0,0,10,0,1,2,2,7,2,0,2,2,0,7,1,6
5489,1,5,3,4,0,7,1,0,1,0,1,3,1,1,6,6,0,2,1,0,7,4,0
5492,0,3,3,2,1,5,1,0,0,1,0,1,2,2,2,7,0,2,2,0,7,1,6
5497,0,2,3,6,0,5,1,0,1,10,0,3,2,0,7,7,0,2,1,1,1,4,0
5501,1,5,3,4,0,8,1,0,1,0,1,3,2,1,7,6,0,2,1,0,7,4,4
5502,0,3,3,2,1,5,1,0,0,1,0,1,2,2,2,2,0,2,2,0,7,1,6
5503,0,3,2,5,1,5,1,0,0,10,0,1,2,2,7,7,0,2,2,0,7,1,6
5504,0,5,3,0,1,5,1,0,0,10,0,1,2,2,7,2,0,2,2,0,7,1,6
5507,1,5,3,4,0,8,1,0,1,0,1,3,2,1,6,6,0,2,1,0,7,4,2
5511,1,5,3,2,0,8,1,0,1,0,1,3,1,1,7,6,0,2,1,0,7,4,2
5513,1,5,3,4,0,7,1,0,1,0,1,3,1,2,7,7,0,2,1,0,7,4,0
5514,0,5,3,5,1,5,1,0,0,1,0,1,2,2,2,7,0,2,2,0,7,1,6
5515,0,2,3,8,0,5,1,0,1,3,0,3,2,0,7,7,0,2,1,1,1,5,0
5517,1,5,3,4,0,8,1,0,1,0,1,3,2,1,6,6,0,2,1,0,7,4,0
5519,1,5,3,4,0,7,1,0,1,0,1,3,1,2,6,6,0,2,1,0,7,4,2
5521,1,5,3,4,0,7,1,0,1,0,1,3,1,1,7,7,0,2,1,0,7,4,0
5525,0,5,3,5,1,5,1,0,0,1,0,1,2,2,7,2,0,2,2,0,7,1,6
5528,0,2,3,6,0,5,1,0,1,3,0,3,2,0,7,7,0,2,1,1,1,4,0
5529,1,5,3,4,0,2,1,0,1,0,1,3,2,2,7,7,0,2,1,0,7,4,2
5530,1,5,3,4,0,8,1,0,1,0,1,3,1,1,7,6,0,2,1,0,7,4,4
5533,1,5,3,4,0,2,1,0,1,0,1,1,2,2,7,6,0,2,1,0,7,4,0
5534,0,2,3,4,1,5,1,0,0,1,0,1,2,2,7,2,0,2,2,0,7,1,6
5535,1,5,3,4,0,2,1,0,1,0,1,3,1,1,6,7,0,2,1,0,7,4,2
5536,0,2,3,2,1,5,1,0,0,10,0,1,2,2,7,2,0,2,2,0,7,1,6
5537,0,5,3,0,1,5,1,0,0,10,0,1,2,2,7,7,0,2,2,0,7,1,6
5538,0,5,2,4,1,5,1,0,0,1,0,1,2,2,7,2,0,2,2,0,7,1,6
5540,0,5,3,0,1,5,1,0,0,1,0,3,2,2,7,7,0,2,2,0,7,1,6
5544,0,3,3,2,1,5,1,0,0,10,0,1,2,2,7,7,0,2,2,0,7,1,6
5549,1,5,3,4,0,8,1,0,1,0,1,3,1,1,6,7,0,2,1,0,7,4,4
5551,0,2,3,6,0,5,1,0,1,7,0,3,2,0,7,7,0,2,1,1,1,4,0
5553,0,2,3,7,0,5,1,0,1,7,0,3,2,0,7,7,0,2,1,1,1,5,0
5554,1,5,3,4,0,8,1,0,1,0,1,3,2,1,7,7,0,2,1,0,7,4,4
5556,0,5,2,2,1,5,1,0,0,10,0,1,2,2,2,7,0,2,2,0,7,1,6
5557,0,2,3,5,1,5,1,0,0,1,0,1,2,2,7,2,0,2,2,0,7,1,6
5558,1,5,3,4,0,7,1,0,1,0,1,3,2,2,6,6,0,2,1,0,7,4,4
5559,1,5,3,4,0,2,1,0,1,0,1,3,2,1,7,7,0,2,1,0,7,4,4
5562,0,5,3,4,1,5,1,0,0,1,0,3,2,2,7,7,0,2,2,0,7,1,6
5563,0,5,3,2,1,5,1,0,0,1,0,1,2,2,2,7,0,2,2,0,7,1,6
5569,0,2,2,5,1,5,1,0,0,10,0,1,2,2,2,7,0,2,2,0,7,1,6
5570,0,5,3,4,1,5,1,0,0,1,0,1,2,2,7,2,0,2,2,0,7,1,6
5573,1,5,3,2,0,8,1,0,1,0,1,3,1,1,6,6,0,2,1,0,7,4,0
5576,1,5,3,4,0,7,1,0,1,0,1,3,1,2,7,6,0,2,1,0,7,4,4
5579,1,5,3,4,0,2,1,0,1,0,1,3,1,2,6,6,0,2,1,0,7,4,0
5581,1,5,3,4,0,2,1,0,1,0,1,3,1,1,6,6,0,2,1,0,7,4,0
5583,1,5,3,4,0,8,1,0,1,0,1,3,2,1,6,7,0,2,1,0,7,4,4
5585,1,5,3,2,0,8,1,0,1,0,1,3,1,2,7,6,0,2,1,0,7,4,0
5586,0,5,3,6,0,5,1,0,1,3,0,3,2,0,7,7,0,2,1,1,1,5,0
5588,0,5,2,5,1,5,1,0,0,10,0,1,2,2,2,7,0,2,2,0,7,1,6
5589,1,5,3,4,0,8,1,0,1,0,1,3,1,1,7,7,0,2,1,0,7,4,2
5590,1,5,3,4,0,2,1,0,1,0,1,3,1,1,7,6,0,2,1,0,7,4,4
5594,1,5,3,4,0,7,1,0,1,0,1,3,1,1,6,6,0,2,1,0,7,4,4
5595,1,5,3,4,0,7,1,0,1,0,1,3,1,2,7,6,0,2,1,0,7,4,0
5596,0,2,2,0,1,5,1,0,0,1,0,1,2,2,2,7,0,2,2,0,7,1,6
5599,0,5,3,8,0,5,1,0,1,10,0,3,2,0,7,7,0,2,1,1,1,5,0
5600,1,5,3,4,0,8,1,0,1,0,1,3,1,1,6,7,0,2,1,0,7,4,2
5602,1,5,3,4,0,2,1,0,1,0,1,3,1,2,7,6,0,2,1,0,7,4,0
5603,1,5,3,4,0,7,1,0,1,0,1,3,2,2,6,7,0,2,1,0,7,4,0
5604,0,3,3,5,1,5,1,0,0,1,0,1,2,2,2,7,0,2,2,0,7,1,6
5606,1,5,3,4,0,2,1,0,1,0,1,3,1,2,7,6,0,2,1,0,7,4,2
5612,0,2,2,4,1,5,1,0,0,10,0,1,2,2,7,2,0,2,2,0,7,1,6
5614,1,5,3,4,0,7,1,0,1,0,1,3,1,2,7,6,0,2,1,0,7,4,2
5615,1,5,3,2,0,8,1,0,1,0,1,3,2,1,7,6,0,2,1,0,7,4,4
5619,0,2,3,0,1,5,1,0,0,10,0,1,2,2,7,2,0,2,2,0,7,1,6
5622,0,3,2,5,1,5,1,0,0,1,0,1,2,2,2,7,0,2,2,0,7,1,6
5623,0,3,3,4,1,5,1,0,0,1,0,1,2,2,2,7,0,2,2,0,7,1,6
5624,0,5,3,0,1,5,1,0,0,1,0,1,2,2,2,2,0,2,2,0,7,1,6
5628,0,5,3,2,1,5,1,0,0,1,0,1,2,2,7,2,0,2,2,0,7,1,6
5634,1,5,3,2,0,8,1,0,1,0,1,3,1,2,7,6,0,2,1,0,7,4,4
5638,0,3,2,2,1,5,1,0,0,1,0,1,2,2,7,2,0,2,2,0,7,1,6
5640,0,3,2,4,1,5,1,0,0,1,0,1,2,2,7,2,0,2,2,0,7,1,6
5641,1,2,3,9,0,5,1,0,1,10,0,1,1,3,7,4,0,2,1,0,7,4,0
5644,1,5,3,2,0,8,1,0,1,0,1,3,1,2,6,7,0,2,1,0,7,4,4
5645,0,2,2,0,1,5,1,0,0,10,0,2,2,2,2,2,0,2,2,0,7,1,6
5649,0,2,3,5,1,5,1,0,0,10,0,1,2,2,2,7,0,2,2,0,7,1,6
5652,0,3,2,2,1,5,1,0,0,10,0,1,2,2,2,2,0,2,2,0,7,1,6
5653,0,5,3,4,1,5,1,0,0,1,0,1,2,2,2,2,0,2,2,0,7,1,6
5659,1,5,0,4,0,5,1,0,1,10,0,1,1,3,7,8,0,2,1,0,7,4,0
5661,0,2,3,2,1,5,1,0,0,1,0,1,2,2,2,2,0,2,2,0,7,1,6
5668,1,5,3,4,0,8,1,0,1,0,1,3,1,1,7,7,0,2,1,0,7,4,4
5669,0,2,3,5,1,5,1,0,0,10,0,1,2,2,7,7,0,2,2,0,7,1,6
5673,1,5,3,2,0,8,1,0,1,0,1,3,2,1,6,6,0,2,1,0,7,4,0
5674,0,2,3,6,0,5,1,0,1,10,0,1,2,0,7,7,0,2,1,1,1,5,0
5679,0,5,3,4,1,5,1,0,0,10,0,1,2,2,2,2,0,2,2,0,7,1,6
5680,1,2,0,9,0,5,1,0,1,10,0,1,1,3,7,4,0,2,1,0,7,4,0
5681,0,2,3,7,0,5,1,0,1,10,0,3,2,0,7,7,0,2,1,1,1,4,0
5682,1,5,3,4,0,8,1,0,1,0,1,3,2,2,6,6,0,2,1,0,7,4,2
5683,0,5,2,4,1,5,1,0,0,10,0,1,2,2,7,7,0,2,2,0,7,1,6
5686,0,2,2,0,1,5,1,0,0,1,0,1,2,2,2,2,0,2,2,0,7,1,6
5690,1,5,3,2,0,8,1,0,1,0,1,3,2,1,6,7,0,2,1,0,7,4,2
5691,0,2,3,5,1,5,1,0,0,1,0,1,2,2,2,7,0,2,2,0,7,1,6
5692,0,3,3,5,1,5,1,0,0,10,0,1,2,2,7,7,0,2,2,0,7,1,6
5694,1,5,3,4,0,8,1,0,1,0,1,3,1,1,7,7,0,2,1,0,7,4,0
5695,0,2,2,4,1,5,1,0,0,1,0,1,2,2,2,7,0,2,2,0,7,1,6
5697,1,5,3,4,0,7,1,0,1,0,1,3,2,2,6,6,0,2,1,0,7,4,0
5698,0,2,2,4,1,5,1,0,0,10,0,1,2,2,2,2,0,2,2,0,7,1,6
5704,0,3,3,2,1,5,1,0,0,10,0,1,2,2,2,7,0,2,2,0,7,1,6
5709,1,5,3,2,0,8,1,0,1,0,1,3,2,1,6,7,0,2,1,0,7,4,4
5711,0,2,2,5,1,5,1,0,0,10,0,1,2,2,7,7,0,2,2,0,7,1,6
5713,1,5,3,2,0,8,1,0,1,0,1,3,1,1,7,6,0,2,1,0,7,4,4
5714,0,2,3,8,0,5,1,0,1,9,0,3,2,0,7,7,0,2,1,1,1,4,0
5715,0,5,3,5,1,5,1,0,0,10,0,1,2,2,7,2,0,2,2,0,7,1,6
5719,1,5,3,4,0,7,1,0,1,0,1,3,2,2,6,7,0,2,1,0,7,4,4
5720,0,3,2,2,1,5,1,0,0,10,0,1,2,2,7,7,0,2,2,0,7,1,6
5721,1,5,3,4,0,8,1,0,1,0,1,3,1,2,6,7,0,2,1,0,7,4,0
5722,1,5,3,4,0,7,1,0,1,0,1,3,2,2,7,7,0,2,1,0,7,4,4
5724,0,2,2,2,1,5,1,0,0,1,0,1,2,2,7,2,0,2,2,0,7,1,6
5731,0,5,2,0,1,5,1,0,0,1,0,1,2,2,2,7,0,2,2,0,7,1,6
5732,0,2,3,4,1,5,1,0,0,10,0,1,2,2,2,7,0,2,2,0,7,1,6
5733,0,5,3,6,0,5,1,0,1,9,0,3,2,0,7,7,0,2,1,1,1,4,0
5734,0,3,2,0,1,5,1,0,0,1,0,1,2,2,2,2,0,2,2,0,7,1,6
5736,1,5,3,4,0,8,1,0,1,0,1,3,2,1,6,7,0,2,1,0,7,4,0
5737,0,5,3,0,1,5,1,0,0,10,0,2,2,2,2,2,0,2,2,0,7,1,6
5741,0,3,2,4,1,5,1,0,0,10,0,1,2,2,7,7,0,2,2,0,7,1,6
5743,0,3,3,5,1,5,1,0,0,1,0,1,2,2,2,2,0,2,2,0,7,1,6
5745,1,5,3,4,0,7,1,0,1,0,1,3,1,2,6,7,0,2,1,0,7,4,0
5754,0,5,3,4,1,5,1,0,0,10,0,1,2,2,7,2,0,2,2,0,7,1,6
5755,1,5,3,4,0,7,1,0,1,0,1,3,2,1,7,7,0,2,1,0,7,4,2
5757,0,5,2,0,1,5,1,0,0,10,0,1,2,2,7,7,0,2,2,0,7,1,6
5758,1,5,3,4,0,2,1,0,1,0,1,3,1,2,7,7,0,2,1,0,7,4,2
5761,1,5,3,4,0,8,1,0,1,0,1,3,1,2,7,6,0,2,1,0,7,4,2
5764,0,2,3,6,0,5,1,0,1,9,0,1,2,0,7,7,0,2,1,1,1,5,0
5767,0,5,3,8,0,5,1,0,1,9,0,3,2,0,7,7,0,2,1,1,1,4,0
5768,1,5,3,4,0,7,1,0,1,0,1,3,2,1,6,6,0,2,1,0,7,4,0
5769,0,3,3,0,1,5,1,0,0,10,0,1,2,2,7,7,0,2,2,0,7,1,6
5770,1,5,3,4,0,2,1,0,1,0,1,3,1,1,6,7,0,2,1,0,7,4,0
5771,1,5,3,4,0,8,1,0,1,0,1,3,1,1,6,6,0,2,1,0,7,4,2
5773,0,2,3,6,0,5,1,0,1,7,0,3,2,0,7,7,0,2,1,1,1,5,0
5777,0,5,3,7,0,5,1,0,1,7,0,3,2,0,7,7,0,2,1,1,1,4,0
5779,0,5,3,8,0,5,1,0,1,10,0,3,2,0,7,7,0,2,1,1,1,4,0
5780,1,5,3,4,0,8,1,0,1,0,1,3,1,1,7,6,0,2,1,0,7,4,2
5781,0,5,2,5,1,5,1,0,0,1,0,3,2,2,2,7,0,2,2,0,7,1,6
5783,1,2,3,4,0,5,1,0,1,10,0,1,1,3,7,8,0,2,1,0,7,4,0
5787,0,2,3,2,1,5,1,0,0,10,0,1,2,2,2,2,0,2,2,0,7,1,6
5790,1,5,3,4,0,7,1,0,1,0,1,3,2,1,6,6,0,2,1,0,7,4,2
5799,1,5,3,2,0,8,1,0,1,0,1,3,2,1,7,6,0,2,1,0,7,4,2
5800,1,5,3,9,0,5,1,0,1,10,0,2,1,3,7,8,0,2,1,0,7,4,0
5801,1,5,3,4,0,2,1,0,1,0,1,3,1,1,6,7,0,2,1,0,7,4,4
5807,0,2,2,2,1,5,1,0,0,1,0,1,2,2,2,2,0,2,2,0,7,1,6
5810,1,5,3,4,0,2,1,0,1,0,1,3,2,1,6,6,0,2,1,0,7,4,0
5815,1,5,3,4,0,7,1,0,1,0,1,3,1,1,6,6,0,2,1,0,7,4,2
5816,0,3,3,2,1,5,1,0,0,1,0,1,2,2,7,2,0,2,2,0,7,1,6
5817,1,5,3,4,0,8,1,0,1,0,1,3,1,2,7,7,0,2,1,0,7,4,2
5819,1,5,3,2,0,8,1,0,1,0,1,3,2,1,6,6,0,2,1,0,7,4,2
5820,0,5,2,4,1,5,1,0,0,10,0,1,2,2,2,2,0,2,2,0,7,1,6
5823,0,2,2,2,1,5,1,0,0,10,0,1,2,2,2,2,0,2,2,0,7,1,6
5826,0,2,3,2,1,5,1,0,0,1,0,1,2,2,2,7,0,2,2,0,7,1,6
5828,0,3,2,4,1,5,1,0,0,1,0,1,2,2,2,7,0,2,2,0,7,1,6
5831,1,5,3,4,0,7,1,0,1,0,1,3,2,1,6,6,0,2,1,0,7,4,4
5834,1,5,3,4,0,7,1,0,1,0,1,3,1,2,6,6,0,2,1,0,7,4,0
5835,0,2,3,8,0,5,1,0,1,10,0,3,2,0,7,7,0,2,1,1,1,4,0
5836,0,5,3,8,0,5,1,0,1,3,0,3,2,0,7,7,0,2,1,1,1,5,0
5837,1,5,3,4,0,2,1,0,1,0,1,1,2,2,6,7,0,2,1,0,7,4,4
5839,0,5,3,7,0,5,1,0,1,10,0,3,2,0,7,7,0,2,1,1,1,4,0
5847,0,2,3,6,0,5,1,0,1,9,0,3,2,0,7,7,0,2,1,1,1,4,0
5849,0,3,2,4,1,5,1,0,0,10,0,1,2,2,2,2,0,2,2,0,7,1,6
5850,1,5,3,4,0,7,1,0,1,0,1,3,1,1,6,7,0,2,1,0,7,4,0
5854,1,5,3,4,0,2,1,0,1,0,1,3,2,1,6,7,0,2,1,0,7,4,0
5858,0,5,3,2,1,5,1,0,0,1,0,3,2,2,7,7,0,2,2,0,7,1,6
5859,0,3,2,0,1,5,1,0,0,10,0,2,2,2,2,2,0,2,2,0,7,1,6
5860,1,5,3,4,0,2,1,0,1,0,1,3,1,2,6,7,0,2,1,0,7,4,2
5861,0,5,2,2,1,5,1,0,0,1,0,1,2,2,2,2,0,2,2,0,7,1,6
5863,0,2,2,4,1,5,1,0,0,10,0,1,2,2,7,7,0,2,2,0,7,1,6
5864,1,5,3,2,0,8,1,0,1,0,1,3,2,1,6,6,0,2,1,0,7,4,4
5865,0,2,3,0,1,5,1,0,0,10,0,2,2,2,2,2,0,2,2,0,7,1,6
5868,1,5,3,4,0,7,1,0,1,0,1,3,2,1,6,7,0,2,1,0,7,4,2
5869,1,5,3,2,0,8,1,0,1,0,1,3,1,2,7,7,0,2,1,0,7,4,2
5871,1,5,3,4,0,2,1,0,1,0,1,3,2,1,7,6,0,2,1,0,7,4,2
5872,1,5,3,4,0,7,1,0,1,0,1,3,1,1,7,6,0,2,1,0,7,4,0
5874,0,5,3,5,1,5,1,0,0,10,0,1,2,2,2,7,0,2,2,0,7,1,6
5875,0,5,3,7,0,5,1,0,1,9,0,3,2,0,7,7,0,2,1,1,1,5,0
5878,1,5,3,4,0,7,1,0,1,0,1,3,2,1,7,6,0,2,1,0,7,4,2
5883,0,3,3,4,1,5,1,0,0,1,0,1,2,2,2,2,0,2,2,0,7,1,6
5884,1,5,3,2,0,8,1,0,1,0,1,3,1,1,7,7,0,2,1,0,7,4,0
5886,0,5,3,0,1,5,1,0,0,10,0,1,2,2,2,7,0,2,2,0,7,1,6
5891,1,5,3,4,0,2,1,0,1,0,1,1,2,2,7,6,0,2,1,0,7,4,4
5893,0,3,3,4,1,5,1,0,0,1,0,1,2,2,7,7,0,2,2,0,7,1,6
5894,0,5,2,2,1,5,1,0,0,10,0,1,2,2,2,2,0,2,2,0,7,1,6
5895,0,5,3,8,0,5,1,0,1,7,0,3,2,0,7,7,0,2,1,1,1,4,0
5898,0,2,2,2,1,5,1,0,0,1,0,1,2,2,7,7,0,2,2,0,7,1,6
5900,1,5,3,4,0,7,1,0,1,0,1,3,1,1,6,7,0,2,1,0,7,4,2
5906,0,5,2,0,1,5,1,0,0,10,0,2,2,2,2,2,0,2,2,0,7,1,6
5907,0,5,2,5,1,5,1,0,0,10,0,1,2,2,7,2,0,2,2,0,7,1,6
5913,0,3,3,4,1,5,1,0,0,10,0,1,2,2,2,2,0,2,2,0,7,1,6
5914,0,5,3,5,1,5,1,0,0,1,0,3,2,2,7,7,0,2,2,0,7,1,6
5916,0,2,3,0,1,5,1,0,0,1,0,1,2,2,7,7,0,2,2,0,7,1,6
5917,0,5,2,2,1,5,1,0,0,10,0,1,2,2,7,7,0,2,2,0,7,1,6
5928,1,5,3,4,0,2,1,0,1,0,1,3,2,2,6,7,0,2,1,0,7,4,2
5930,0,5,3,4,1,5,1,0,0,10,0,1,2,2,7,7,0,2,2,0,7,1,6
5931,1,5,3,4,0,8,1,0,1,0,1,3,2,2,6,7,0,2,1,0,7,4,4
5932,1,5,3,4,0,8,1,0,1,0,1,3,2,2,7,6,0,2,1,0,7,4,4
5933,1,5,3,4,0,2,1,0,1,0,1,3,1,2,7,6,0,2,1,0,7,4,4
5935,1,0,3,9,0,5,1,0,1,10,0,1,1,3,7,4,0,2,1,0,7,4,0
5937,0,2,3,5,1,5,1,0,0,1,0,1,2,2,7,7,0,2,2,0,7,1,6
5938,0,3,2,5,1,5,1,0,0,1,0,1,2,2,2,2,0,2,2,0,7,1,6
5939,0,2,3,4,1,5,1,0,0,10,0,1,2,2,2,2,0,2,2,0,7,1,6
5944,1,5,3,4,0,7,1,0,1,0,1,3,1,2,6,7,0,2,1,0,7,4,4
5948,0,2,3,8,0,5,1,0,1,7,0,3,2,0,7,7,0,2,1,1,1,5,0
5953,0,3,2,2,1,5,1,0,0,1,0,1,2,2,2,2,0,2,2,0,7,1,6
5955,1,0,0,4,0,5,1,0,1,10,0,1,1,3,7,4,0,2,1,0,7,4,0
5956,1,5,3,4,0,7,1,0,1,0,1,3,1,2,6,6,0,2,1,0,7,4,4
5960,1,5,3,4,0,2,1,0,1,0,1,3,2,1,7,6,0,2,1,0,7,4,0
5961,0,5,3,4,1,5,1,0,0,10,0,1,2,2,2,7,0,2,2,0,7,1,6
5964,1,3,0,4,0,5,1,0,1,10,0,1,1,3,7,8,0,2,1,0,7,4,0
5966,1,5,3,4,0,7,1,0,1,0,1,3,1,1,6,7,0,2,1,0,7,4,4
5970,0,5,3,6,0,5,1,0,1,9,0,1,2,0,7,7,0,2,1,1,1,5,0
5971,1,5,3,4,0,8,1,0,1,0,1,3,1,2,6,6,0,2,1,0,7,4,4
5973,1,5,3,2,0,8,1,0,1,0,1,3,1,1,6,6,0,2,1,0,7,4,2
5976,0,3,2,2,1,5,1,0,0,1,0,1,2,2,7,7,0,2,2,0,7,1,6
5980,0,2,3,8,0,5,1,0,1,10,0,3,2,0,7,7,0,2,1,1,1,5,0
5985,1,5,3,4,0,2,1,0,1,0,1,3,2,1,6,7,0,2,1,0,7,4,2
5989,1,5,3,4,0,7,1,0,1,0,1,3,2,1,7,7,0,2,1,0,7,4,0
5991,1,5,3,4,0,2,1,0,1,0,1,3,1,1,7,6,0,2,1,0,7,4,0
5994,1,5,3,2,0,8,1,0,1,0,1,3,1,2,7,6,0,2,1,0,7,4,2
5995,1,5,3,4,0,2,1,0,1,0,1,3,1,2,7,7,0,2,1,0,7,4,0
5996,0,3,3,0,1,5,1,0,0,1,0,1,2,2,7,7,0,2,2,0,7,1,6
5997,0,5,3,8,0,5,1,0,1,7,0,3,2,0,7,7,0,2,1,1,1,5,0
6000,1,5,3,2,0,2,1,0,1,0,1,1,1,2,6,6,0,2,1,0,7,4,4
6001,1,2,2,2,0,7,1,0,1,0,1,3,1,2,6,6,0,2,1,0,7,4,0
6002,1,5,3,2,0,2,1,0,1,0,1,1,2,2,7,6,0,2,1,0,7,4,0
6003,1,5,2,4,0,2,1,0,1,0,1,3,1,1,7,7,0,2,1,0,7,4,4
6004,1,2,3,4,0,2,1,0,1,0,1,1,1,2,7,7,0,2,1,0,7,4,4
6005,1,2,3,2,0,7,1,0,1,0,1,3,2,1,6,6,0,2,1,0,7,4,0
6006,1,3,3,4,0,8,1,0,1,0,1,3,1,2,6,6,0,2,1,0,7,4,2
6007,1,2,3,2,0,8,1,0,1,0,1,1,2,2,7,7,0,2,1,0,7,4,4
6008,1,5,2,2,0,7,1,0,1,0,1,3,2,1,6,7,0,2,1,0,7,4,2
6009,1,2,3,4,0,2,1,0,1,0,1,1,2,1,6,6,0,2,1,0,7,4,4
6010,1,2,3,2,0,2,1,0,1,0,1,3,1,1,6,7,0,2,1,0,7,4,0
6011,1,5,2,2,0,7,1,0,1,0,1,3,2,2,7,6,0,2,1,0,7,4,2
6012,1,5,2,4,0,7,1,0,1,0,1,3,1,1,6,6,0,2,1,0,7,4,2
6013,1,2,2,2,0,2,1,0,1,0,1,3,1,2,6,7,0,2,1,0,7,4,0
6014,1,2,2,2,0,8,1,0,1,0,1,3,1,1,7,6,0,2,1,0,7,4,2
6015,1,2,3,2,0,2,1,0,1,0,1,1,2,1,6,6,0,2,1,0,7,4,4
6016,1,2,3,4,0,8,1,0,1,0,1,1,2,1,6,6,0,2,1,0,7,4,4
6017,1,2,3,4,0,2,1,0,1,0,1,1,1,2,6,7,0,2,1,0,7,4,4
6018,1,5,3,2,0,7,1,0,1,0,1,3,1,2,7,6,0,2,1,0,7,4,0
6019,1,3,2,4,0,8,1,0,1,0,1,3,2,1,6,6,0,2,1,0,7,4,4
6020,1,5,2,4,0,2,1,0,1,0,1,3,2,2,7,7,0,2,1,0,7,4,2
6021,1,2,2,2,0,8,1,0,1,0,1,3,1,1,6,7,0,2,1,0,7,4,0
6022,1,2,3,2,0,7,1,0,1,0,1,3,1,1,7,7,0,2,1,0,7,4,2
6023,1,3,2,2,0,8,1,0,1,0,1,1,2,2,6,6,0,2,1,0,7,4,4
6024,1,2,3,2,0,8,1,0,1,0,1,3,1,2,6,6,0,2,1,0,7,4,0
6025,1,5,2,4,0,7,1,0,1,0,1,3,1,1,7,7,0,2,1,0,7,4,4
6026,1,2,2,2,0,8,1,0,1,0,1,3,1,1,7,7,0,2,1,0,7,4,0
6027,1,2,2,4,0,8,1,0,1,0,1,3,1,1,7,7,0,2,1,0,7,4,2
6028,1,2,3,2,0,7,1,0,1,0,1,3,1,2,6,6,0,2,1,0,7,4,0
6029,1,2,2,2,0,8,1,0,1,0,1,3,2,2,7,6,0,2,1,0,7,4,2
6030,1,2,2,4,0,7,1,0,1,0,1,1,1,1,7,7,0,2,1,0,7,4,4
6031,1,2,3,2,0,7,1,0,1,0,1,1,2,1,7,6,0,2,1,0,7,4,4
6032,1,5,2,2,0,7,1,0,1,0,1,3,1,1,6,7,0,2,1,0,7,4,2
6033,1,2,2,2,0,2,1,0,1,0,1,1,2,1,7,7,0,2,1,0,7,4,4
6034,1,5,2,4,0,7,1,0,1,0,1,3,1,1,7,7,0,2,1,0,7,4,0
6035,1,2,3,4,0,7,1,0,1,0,1,1,2,1,7,6,0,2,1,0,7,4,4
6036,1,5,3,2,0,2,1,0,1,0,1,3,1,2,7,7,0,2,1,0,7,4,2
6037,1,2,3,4,0,8,1,0,1,0,1,3,1,2,6,7,0,2,1,0,7,4,2
6038,0,0,2,4,0,5,0,0,0,11,0,3,2,2,5,5,0,0,1,4,3,1,2
6039,1,2,2,4,0,8,1,0,1,0,1,3,1,1,6,6,0,2,1,0,7,4,0
6040,0,5,2,4,0,5,0,0,0,6,0,1,2,2,5,5,0,0,1,4,3,4,2
6041,1,2,3,2,0,8,1,0,1,0,1,3,2,2,6,6,0,2,1,0,7,4,0
6042,1,2,3,4,0,7,1,0,1,0,1,3,1,2,6,7,0,2,1,0,7,4,2
6043,1,2,3,2,0,8,1,0,1,0,1,1,2,1,7,6,0,2,1,0,7,4,4
6044,1,2,2,4,0,8,1,0,1,0,1,3,1,2,7,7,0,2,1,0,7,4,2
6045,1,5,3,2,0,8,1,0,1,0,1,3,2,1,7,7,0,2,1,0,7,4,2
6046,1,5,2,4,0,2,1,0,1,0,1,1,2,2,6,6,0,2,1,0,7,4,0
6047,1,2,2,4,0,7,1,0,1,0,1,3,2,1,7,6,0,2,1,0,7,4,0
6048,1,2,3,2,0,8,1,0,1,0,1,3,2,1,7,7,0,2,1,0,7,4,0
6049,1,2,2,4,0,2,1,0,1,0,1,3,1,1,7,7,0,2,1,0,7,4,0
6050,1,2,2,4,0,7,1,0,1,0,1,1,2,1,6,7,0,2,1,0,7,4,4
6051,1,2,2,4,0,2,1,0,1,0,1,3,2,1,7,7,0,2,1,0,7,4,2
6052,1,2,3,2,0,7,1,0,1,0,1,3,1,2,7,6,0,2,1,0,7,4,0
6053,1,2,2,2,0,8,1,0,1,0,1,3,2,1,6,6,0,2,1,0,7,4,2
6054,1,5,3,2,0,2,1,0,1,0,1,3,2,1,7,6,0,2,1,0,7,4,2
6055,1,5,2,2,0,8,1,0,1,0,1,3,1,2,7,6,0,2,1,0,7,4,0
6056,1,2,2,2,0,2,1,0,1,0,1,3,2,2,6,6,0,2,1,0,7,4,0
6057,1,2,3,4,0,8,1,0,1,0,1,1,1,2,7,7,0,2,1,0,7,4,4
6058,1,5,3,2,0,2,1,0,1,0,1,1,1,2,7,6,0,2,1,0,7,4,0
6059,1,3,2,2,0,7,1,0,1,0,1,3,2,2,7,6,0,2,1,0,7,4,2
6060,1,3,2,4,0,2,1,0,1,0,1,3,1,1,7,6,0,2,1,0,7,4,2
6061,1,2,3,4,0,2,1,0,1,0,1,3,2,2,6,7,0,2,1,0,7,4,0
6062,1,5,2,2,0,7,1,0,1,0,1,3,2,2,6,6,0,2,1,0,7,4,2
6063,1,5,3,2,0,2,1,0,1,0,1,3,1,1,7,6,0,2,1,0,7,4,2
6064,1,2,3,2,0,7,1,0,1,0,1,1,2,2,7,6,0,2,1,0,7,4,4
6065,1,2,3,4,0,7,1,0,1,0,1,1,2,2,6,7,0,2,1,0,7,4,2
6066,1,2,2,2,0,2,1,0,1,0,1,1,2,1,7,6,0,2,1,0,7,4,4
6067,1,5,2,4,0,7,1,0,1,0,1,3,2,1,6,7,0,2,1,0,7,4,4
6068,0,5,0,8,0,5,1,1,0,10,0,1,1,1,7,7,0,2,2,4,7,2,1
6069,1,2,3,4,0,8,1,0,1,0,1,1,2,1,7,6,0,2,1,0,7,4,4
6070,1,5,2,4,0,2,1,0,1,0,1,3,2,1,6,6,0,2,1,0,7,4,0
6071,1,5,2,2,0,2,1,0,1,0,1,1,2,2,6,7,0,2,1,0,7,4,0
6072,1,2,2,4,0,7,1,0,1,0,1,1,2,2,6,7,0,2,1,0,7,4,2
6073,1,2,2,4,0,7,1,0,1,0,1,3,2,1,6,6,0,2,1,0,7,4,2
6074,1,5,3,2,0,7,1,0,1,0,1,3,1,1,7,6,0,2,1,0,7,4,2
6075,1,5,2,2,0,2,1,0,1,0,1,1,1,2,6,6,0,2,1,0,7,4,0
6076,1,2,2,4,0,8,1,0,1,0,1,3,2,1,7,6,0,2,1,0,7,4,2
6077,1,3,2,4,0,2,1,0,1,0,1,1,1,1,6,6,0,2,1,0,7,4,4
6078,1,2,3,4,0,7,1,0,1,0,1,1,1,2,7,7,0,2,1,0,7,4,4
6079,1,5,2,4,0,7,1,0,1,0,1,3,1,2,6,6,0,2,1,0,7,4,2
6080,1,2,3,2,0,8,1,0,1,0,1,1,1,2,6,7,0,2,1,0,7,4,2
6081,1,5,2,2,0,8,1,0,1,0,1,3,1,1,6,6,0,2,1,0,7,4,0
6082,1,2,2,4,0,7,1,0,1,0,1,3,1,1,6,7,0,2,1,0,7,4,2
6083,1,2,3,4,0,7,1,0,1,0,1,1,2,2,6,7,0,2,1,0,7,4,4
6084,1,3,3,4,0,8,1,0,1,0,1,3,1,2,7,6,0,2,1,0,7,4,2
6085,1,2,3,4,0,7,1,0,1,0,1,3,1,2,6,6,0,2,1,0,7,4,0
6086,1,2,2,4,0,8,1,0,1,0,1,3,1,2,7,6,0,2,1,0,7,4,0
6087,1,5,2,2,0,7,1,0,1,0,1,3,2,2,6,7,0,2,1,0,7,4,2
6088,1,2,2,4,0,8,1,0,1,0,1,1,2,2,6,6,0,2,1,0,7,4,2
6089,1,2,2,4,0,7,1,0,1,0,1,3,2,1,6,7,0,2,1,0,7,4,0
6090,1,2,2,2,0,2,1,0,1,0,1,3,2,1,6,6,0,2,1,0,7,4,2
6091,1,2,3,4,0,8,1,0,1,0,1,3,2,1,7,6,0,2,1,0,7,4,2
6092,1,2,2,4,0,2,1,0,1,0,1,3,1,1,6,6,0,2,1,0,7,4,0
6093,1,2,3,4,0,2,1,0,1,0,1,3,2,1,6,6,0,2,1,0,7,4,2
6094,1,2,2,2,0,8,1,0,1,0,1,3,2,1,6,7,0,2,1,0,7,4,2
6095,1,2,2,2,0,2,1,0,1,0,1,3,2,2,7,6,0,2,1,0,7,4,2
6096,1,5,3,2,0,2,1,0,1,0,1,1,2,1,7,7,0,2,1,0,7,4,4
6097,1,2,2,4,0,8,1,0,1,0,1,1,2,1,7,6,0,2,1,0,7,4,4
6098,1,5,3,2,0,8,1,0,1,0,1,3,2,1,7,6,0,2,1,0,7,4,0
6099,1,2,3,2,0,2,1,0,1,0,1,1,1,2,7,7,0,2,1,0,7,4,2
6100,1,5,2,4,0,2,1,0,1,0,1,3,2,1,6,7,0,2,1,0,7,4,4
6101,1,2,3,4,0,7,1,0,1,0,1,1,2,2,7,7,0,2,1,0,7,4,4
6102,1,2,3,2,0,2,1,0,1,0,1,3,2,2,6,6,0,2,1,0,7,4,0
6103,1,5,3,2,0,7,1,0,1,0,1,3,1,2,6,7,0,2,1,0,7,4,2
6104,1,2,3,4,0,8,1,0,1,0,1,3,2,1,7,7,0,2,1,0,7,4,0
6105,1,2,3,4,0,8,1,0,1,0,1,3,2,1,6,6,0,2,1,0,7,4,2
6106,1,5,3,2,0,7,1,0,1,0,1,3,2,1,6,6,0,2,1,0,7,4,2
6107,1,2,3,4,0,8,1,0,1,0,1,3,1,1,6,6,0,2,1,0,7,4,2
6108,1,2,2,4,0,7,1,0,1,0,1,3,1,2,6,7,0,2,1,0,7,4,2
6109,1,5,2,4,0,2,1,0,1,0,1,1,2,2,6,6,0,2,1,0,7,4,4
6110,1,2,3,2,0,8,1,0,1,0,1,1,1,1,7,6,0,2,1,0,7,4,4
6111,1,5,3,2,0,7,1,0,1,0,1,3,1,1,6,7,0,2,1,0,7,4,2
6112,1,5,2,2,0,2,1,0,1,0,1,3,1,1,7,6,0,2,1,0,7,4,4
6113,1,2,2,2,0,2,1,0,1,0,1,3,2,2,7,7,0,2,1,0,7,4,2
6114,1,2,3,2,0,2,1,0,1,0,1,3,1,2,6,6,0,2,1,0,7,4,0
6115,1,5,3,2,0,7,1,0,1,0,1,3,2,1,7,7,0,2,1,0,7,4,2
6116,1,5,3,2,0,7,1,0,1,0,1,3,2,1,6,7,0,2,1,0,7,4,2
6117,1,5,2,4,0,2,1,0,1,0,1,3,2,2,7,6,0,2,1,0,7,4,2
6118,1,5,2,2,0,2,1,0,1,0,1,3,2,2,6,6,0,2,1,0,7,4,2
6119,1,3,2,2,0,7,1,0,1,0,1,3,1,1,6,7,0,2,1,0,7,4,4
6121,1,5,2,2,0,8,1,0,1,0,1,3,2,1,7,6,0,2,1,0,7,4,4
6122,1,2,2,4,0,8,1,0,1,0,1,3,2,2,7,6,0,2,1,0,7,4,0
6123,1,5,2,4,0,8,1,0,1,0,1,3,2,1,6,7,0,2,1,0,7,4,2
6124,1,2,3,4,0,7,1,0,1,0,1,1,2,1,6,6,0,2,1,0,7,4,4
6125,1,2,3,2,0,8,1,0,1,0,1,1,2,1,6,7,0,2,1,0,7,4,2
6126,1,2,2,2,0,7,1,0,1,0,1,3,2,2,7,7,0,2,1,0,7,4,2
6127,1,5,3,2,0,2,1,0,1,0,1,3,1,1,6,6,0,2,1,0,7,4,2
6128,1,5,2,2,0,2,1,0,1,0,1,3,1,2,6,7,0,2,1,0,7,4,2
6129,1,5,2,4,0,8,1,0,1,0,1,3,1,1,7,6,0,2,1,0,7,4,0
6130,1,5,3,2,0,2,1,0,1,0,1,1,1,2,7,7,0,2,1,0,7,4,0
6131,1,2,2,2,0,2,1,0,1,0,1,1,1,2,7,6,0,2,1,0,7,4,4
6132,1,2,2,4,0,8,1,0,1,0,1,3,2,1,7,7,0,2,1,0,7,4,2
6133,1,2,3,2,0,8,1,0,1,0,1,1,1,2,7,7,0,2,1,0,7,4,4
6134,1,5,3,2,0,7,1,0,1,0,1,3,1,2,6,6,0,2,1,0,7,4,2
6135,1,3,2,2,0,2,1,0,1,0,1,1,2,2,7,7,0,2,1,0,7,4,4
6136,1,2,3,4,0,7,1,0,1,0,1,3,2,2,7,7,0,2,1,0,7,4,0
6137,1,2,2,4,0,8,1,0,1,0,1,3,2,1,7,7,0,2,1,0,7,4,0
6138,1,5,2,2,0,8,1,0,1,0,1,3,1,1,7,6,0,2,1,0,7,4,4
6139,1,2,2,4,0,2,1,0,1,0,1,1,2,2,7,6,0,2,1,0,7,4,2
6140,1,2,2,2,0,7,1,0,1,0,1,1,1,1,7,6,0,2,1,0,7,4,4
6141,1,2,3,2,0,8,1,0,1,0,1,1,2,2,6,7,0,2,1,0,7,4,2
6142,0,0,0,8,0,5,1,1,0,2,0,1,2,2,7,7,0,2,2,4,7,2,1
6143,1,5,3,2,0,7,1,0,1,0,1,3,2,2,7,6,0,2,1,0,7,4,2
6144,1,5,3,2,0,2,1,0,1,0,1,1,1,1,6,6,0,2,1,0,7,4,4
6145,1,2,3,2,0,7,1,0,1,0,1,1,1,2,7,7,0,2,1,0,7,4,2
6146,1,2,3,2,0,8,1,0,1,0,1,1,2,1,7,6,0,2,1,0,7,4,2
6147,0,3,0,8,0,5,1,1,0,2,0,1,1,2,7,7,0,2,2,4,7,3,1
6148,1,5,2,4,0,7,1,0,1,0,1,3,1,1,6,7,0,2,1,0,7,4,4
6149,1,2,2,4,0,7,1,0,1,0,1,1,1,2,6,6,0,2,1,0,7,4,4
6150,1,5,2,4,0,7,1,0,1,0,1,3,2,2,6,6,0,2,1,0,7,4,0
6151,1,2,2,2,0,2,1,0,1,0,1,3,1,1,7,7,0,2,1,0,7,4,0
6152,1,5,2,4,0,2,1,0,1,0,1,3,2,1,7,6,0,2,1,0,7,4,4
6153,1,5,2,4,0,2,1,0,1,0,1,3,1,1,7,6,0,2,1,0,7,4,4
6154,1,5,2,2,0,7,1,0,1,0,1,3,1,1,7,6,0,2,1,0,7,4,4
6155,1,3,2,4,0,8,1,0,1,0,1,3,2,2,7,6,0,2,1,0,7,4,0
6156,1,5,3,2,0,2,1,0,1,0,1,1,2,2,7,7,0,2,1,0,7,4,0
6157,1,5,2,2,0,2,1,0,1,0,1,1,2,2,7,6,0,2,1,0,7,4,0
6158,1,5,3,2,0,2,1,0,1,0,1,3,1,1,7,7,0,2,1,0,7,4,0
6159,1,5,2,2,0,7,1,0,1,0,1,3,2,2,7,7,0,2,1,0,7,4,0
6160,1,5,2,2,0,2,1,0,1,0,1,1,2,2,6,6,0,2,1,0,7,4,0
6161,1,5,2,2,0,7,1,0,1,0,1,3,1,1,7,6,0,2,1,0,7,4,2
6162,1,5,2,2,0,7,1,0,1,0,1,3,2,2,7,6,0,2,1,0,7,4,0
6163,1,2,3,2,0,7,1,0,1,0,1,3,2,1,7,7,0,2,1,0,7,4,0
6164,1,5,2,4,0,8,1,0,1,0,1,3,2,2,6,7,0,2,1,0,7,4,0
6165,1,2,2,4,0,8,1,0,1,0,1,3,2,2,6,7,0,2,1,0,7,4,0
6166,1,5,2,2,0,2,1,0,1,0,1,3,1,1,7,7,0,2,1,0,7,4,0
6167,1,2,2,2,0,8,1,0,1,0,1,1,2,1,6,7,0,2,1,0,7,4,4
6168,1,5,2,4,0,8,1,0,1,0,1,3,2,1,7,6,0,2,1,0,7,4,2
6169,1,2,3,2,0,8,1,0,1,0,1,3,2,2,6,7,0,2,1,0,7,4,0
6170,1,5,2,4,0,8,1,0,1,0,1,3,1,2,7,6,0,2,1,0,7,4,2
6171,1,3,2,4,0,2,1,0,1,0,1,1,1,1,6,7,0,2,1,0,7,4,4
6172,1,2,2,2,0,2,1,0,1,0,1,3,2,2,6,6,0,2,1,0,7,4,2
6173,1,2,2,2,0,2,1,0,1,0,1,3,1,2,6,6,0,2,1,0,7,4,2
6174,1,2,3,2,0,2,1,0,1,0,1,1,2,2,7,6,0,2,1,0,7,4,4
6175,1,3,2,4,0,2,1,0,1,0,1,1,2,1,6,6,0,2,1,0,7,4,4
6176,1,2,3,4,0,2,1,0,1,0,1,3,1,2,7,7,0,2,1,0,7,4,2
6177,1,2,2,2,0,2,1,0,1,0,1,1,2,2,7,7,0,2,1,0,7,4,4
6178,1,5,3,2,0,7,1,0,1,0,1,3,1,2,7,7,0,2,1,0,7,4,0
6179,1,2,2,2,0,8,1,0,1,0,1,3,2,2,6,7,0,2,1,0,7,4,2
6180,1,2,3,2,0,2,1,0,1,0,1,1,2,2,6,6,0,2,1,0,7,4,2
6181,1,2,2,4,0,7,1,0,1,0,1,3,1,1,6,7,0,2,1,0,7,4,0
6182,1,2,2,4,0,2,1,0,1,0,1,3,1,2,6,7,0,2,1,0,7,4,0
6183,1,5,3,2,0,7,1,0,1,0,1,3,1,1,7,7,0,2,1,0,7,4,4
6184,1,5,3,2,0,7,1,0,1,0,1,3,1,1,6,6,0,2,1,0,7,4,2
6185,1,2,2,2,0,8,1,0,1,0,1,1,1,1,7,6,0,2,1,0,7,4,4
6186,1,3,3,2,0,2,1,0,1,0,1,3,1,1,7,7,0,2,1,0,7,4,0
6187,1,2,3,2,0,7,1,0,1,0,1,1,1,1,6,7,0,2,1,0,7,4,4
6188,1,3,3,4,0,7,1,0,1,0,1,3,2,1,7,6,0,2,1,0,7,4,0
6189,1,5,2,2,0,7,1,0,1,0,1,3,1,2,7,6,0,2,1,0,7,4,2
6190,1,5,3,2,0,7,1,0,1,0,1,3,2,1,7,6,0,2,1,0,7,4,4
6191,1,5,2,4,0,2,1,0,1,0,1,3,2,1,6,7,0,2,1,0,7,4,2
6192,1,2,3,4,0,2,1,0,1,0,1,1,2,2,6,6,0,2,1,0,7,4,2
6193,1,5,2,2,0,2,1,0,1,0,1,3,1,1,6,6,0,2,1,0,7,4,4
6194,0,0,2,3,0,5,1,1,0,10,0,1,2,1,7,7,0,2,2,4,7,2,1
6195,1,5,3,2,0,7,1,0,1,0,1,3,1,1,6,6,0,2,1,0,7,4,4
6196,1,5,2,2,0,7,1,0,1,0,1,3,1,2,6,7,0,2,1,0,7,4,0
6197,1,2,3,2,0,7,1,0,1,0,1,1,2,2,6,6,0,2,1,0,7,4,2
6198,1,5,2,2,0,8,1,0,1,0,1,3,1,2,7,6,0,2,1,0,7,4,4
6199,1,2,3,2,0,8,1,0,1,0,1,3,2,1,6,7,0,2,1,0,7,4,0
6200,1,2,3,2,0,2,1,0,1,0,1,3,1,1,7,6,0,2,1,0,7,4,2
6201,1,5,2,4,0,2,1,0,1,0,1,3,1,1,7,7,0,2,1,0,7,4,0
6202,1,2,3,4,0,2,1,0,1,0,1,1,1,2,7,6,0,2,1,0,7,4,4
6203,0,3,2,8,0,5,1,1,0,2,0,1,1,2,7,7,0,2,2,4,7,3,1
6204,1,2,3,2,0,7,1,0,1,0,1,1,1,1,7,7,0,2,1,0,7,4,4
6205,1,5,2,2,0,2,1,0,1,0,1,3,2,2,7,6,0,2,1,0,7,4,4
6206,1,2,3,4,0,8,1,0,1,0,1,3,1,2,7,6,0,2,1,0,7,4,2
6207,1,2,3,4,0,7,1,0,1,0,1,3,1,1,6,7,0,2,1,0,7,4,2
6208,1,5,2,2,0,8,1,0,1,0,1,3,1,1,7,6,0,2,1,0,7,4,2
6209,1,2,3,2,0,8,1,0,1,0,1,3,1,1,7,7,0,2,1,0,7,4,0
6210,1,2,3,2,0,2,1,0,1,0,1,1,1,1,6,7,0,2,1,0,7,4,4
6211,1,2,2,4,0,8,1,0,1,0,1,1,2,1,7,7,0,2,1,0,7,4,4
6212,1,5,3,2,0,2,1,0,1,0,1,1,2,1,6,7,0,2,1,0,7,4,4
6213,1,2,3,2,0,7,1,0,1,0,1,3,2,1,6,7,0,2,1,0,7,4,0
6214,0,0,0,3,0,5,1,1,0,7,0,1,1,2,7,7,0,2,2,4,7,2,1
6215,1,3,3,2,0,7,1,0,1,0,1,1,2,1,7,7,0,2,1,0,7,4,2
6216,1,5,3,2,0,2,1,0,1,0,1,3,2,2,6,7,0,2,1,0,7,4,2
6217,1,3,2,2,0,2,1,0,1,0,1,3,2,1,7,6,0,2,1,0,7,4,2
6218,1,5,2,4,0,7,1,0,1,0,1,3,2,1,6,6,0,2,1,0,7,4,4
6219,0,3,2,8,0,5,1,1,0,2,0,1,2,1,7,7,0,2,2,4,7,3,1
6220,1,2,2,2,0,7,1,0,1,0,1,3,2,2,6,6,0,2,1,0,7,4,0
6221,1,5,2,4,0,8,1,0,1,0,1,3,1,2,6,6,0,2,1,0,7,4,4
6222,1,3,2,2,0,2,1,0,1,0,1,1,2,1,7,7,0,2,1,0,7,4,4
6223,1,3,3,4,0,7,1,0,1,0,1,3,1,1,7,7,0,2,1,0,7,4,2
6224,1,3,3,2,0,2,1,0,1,0,1,1,1,2,6,6,0,2,1,0,7,4,4
6225,1,5,2,2,0,8,1,0,1,0,1,3,1,2,7,7,0,2,1,0,7,4,0
6226,1,2,2,2,0,7,1,0,1,0,1,1,2,1,6,6,0,2,1,0,7,4,4
6227,1,2,3,2,0,2,1,0,1,0,1,1,1,1,6,6,0,2,1,0,7,4,4
6228,1,5,3,2,0,7,1,0,1,0,1,3,2,1,6,6,0,2,1,0,7,4,0
6229,1,2,3,4,0,8,1,0,1,0,1,3,2,2,6,7,0,2,1,0,7,4,0
6230,1,5,3,2,0,8,1,0,1,0,1,3,2,2,6,7,0,2,1,0,7,4,0
6231,1,2,3,4,0,8,1,0,1,0,1,1,2,2,7,6,0,2,1,0,7,4,2
6232,1,5,3,2,0,8,1,0,1,0,1,3,2,2,7,6,0,2,1,0,7,4,2
6233,1,3,3,4,0,8,1,0,1,0,1,3,1,1,7,6,0,2,1,0,7,4,2
6234,1,2,2,2,0,2,1,0,1,0,1,3,2,1,7,7,0,2,1,0,7,4,2
6235,1,5,2,4,0,2,1,0,1,0,1,3,1,2,6,6,0,2,1,0,7,4,4
6236,1,2,3,4,0,2,1,0,1,0,1,3,1,2,6,6,0,2,1,0,7,4,0
6237,1,2,2,2,0,7,1,0,1,0,1,3,2,1,7,6,0,2,1,0,7,4,0
6238,1,5,2,2,0,8,1,0,1,0,1,3,1,1,6,7,0,2,1,0,7,4,0
6239,1,2,2,4,0,8,1,0,1,0,1,3,2,1,7,6,0,2,1,0,7,4,0
6240,1,2,3,4,0,7,1,0,1,0,1,3,2,1,6,6,0,2,1,0,7,4,2
6241,1,5,3,2,0,2,1,0,1,0,1,1,2,2,6,6,0,2,1,0,7,4,0
6242,1,5,2,2,0,2,1,0,1,0,1,1,2,1,6,6,0,2,1,0,7,4,0
6243,1,2,3,2,0,8,1,0,1,0,1,1,2,2,6,6,0,2,1,0,7,4,2
6244,1,2,2,2,0,8,1,0,1,0,1,3,1,2,6,7,0,2,1,0,7,4,2
6245,1,2,3,2,0,2,1,0,1,0,1,3,1,2,7,6,0,2,1,0,7,4,0
6246,1,5,2,4,0,7,1,0,1,0,1,3,2,2,6,7,0,2,1,0,7,4,2
6247,1,2,2,4,0,7,1,0,1,0,1,3,2,1,7,7,0,2,1,0,7,4,0
6248,1,5,2,4,0,2,1,0,1,0,1,3,1,1,6,7,0,2,1,0,7,4,2
6249,1,2,3,4,0,8,1,0,1,0,1,1,1,1,7,6,0,2,1,0,7,4,4
6250,1,3,3,4,0,7,1,0,1,0,1,3,1,1,6,7,0,2,1,0,7,4,0
6251,1,5,2,2,0,7,1,0,1,0,1,3,2,1,6,7,0,2,1,0,7,4,4
6252,1,2,3,4,0,2,1,0,1,0,1,3,1,2,7,7,0,2,1,0,7,4,0
6253,1,5,3,2,0,7,1,0,1,0,1,3,2,1,6,6,0,2,1,0,7,4,4
6254,1,2,3,2,0,7,1,0,1,0,1,3,1,1,6,7,0,2,1,0,7,4,0
6255,1,5,3,2,0,8,1,0,1,0,1,3,2,1,7,7,0,2,1,0,7,4,0
6256,1,2,3,2,0,8,1,0,1,0,1,1,1,2,7,7,0,2,1,0,7,4,2
6257,1,2,3,2,0,7,1,0,1,0,1,3,2,2,7,6,0,2,1,0,7,4,0
6258,1,2,2,2,0,7,1,0,1,0,1,3,2,1,7,7,0,2,1,0,7,4,2
6259,1,3,3,2,0,8,1,0,1,0,1,3,1,1,7,7,0,2,1,0,7,4,2
6260,1,5,2,2,0,2,1,0,1,0,1,1,2,1,6,6,0,2,1,0,7,4,4
6261,0,3,2,3,0,5,1,1,0,2,0,1,1,2,7,7,0,2,2,4,7,3,1
6262,1,5,2,4,0,8,1,0,1,0,1,3,1,2,6,7,0,2,1,0,7,4,2
6263,1,2,2,2,0,7,1,0,1,0,1,3,2,1,6,7,0,2,1,0,7,4,0
6264,1,2,2,4,0,8,1,0,1,0,1,3,2,1,6,6,0,2,1,0,7,4,0
6265,1,2,2,2,0,7,1,0,1,0,1,3,1,1,6,6,0,2,1,0,7,4,2
6266,1,2,3,4,0,7,1,0,1,0,1,1,1,2,6,6,0,2,1,0,7,4,4
6267,1,5,2,2,0,8,1,0,1,0,1,3,2,2,7,6,0,2,1,0,7,4,4
6268,1,5,2,2,0,7,1,0,1,0,1,3,2,1,7,7,0,2,1,0,7,4,4
6269,1,5,2,2,0,8,1,0,1,0,1,3,2,2,7,6,0,2,1,0,7,4,0
6270,1,5,2,2,0,2,1,0,1,0,1,3,1,2,6,7,0,2,1,0,7,4,4
6271,1,2,2,2,0,7,1,0,1,0,1,3,2,2,6,7,0,2,1,0,7,4,0
6272,1,5,2,2,0,7,1,0,1,0,1,3,2,1,6,6,0,2,1,0,7,4,4
6273,1,5,2,4,0,2,1,0,1,0,1,3,2,1,6,6,0,2,1,0,7,4,2
6274,1,2,2,4,0,7,1,0,1,0,1,3,2,1,6,7,0,2,1,0,7,4,2
6275,1,3,3,4,0,8,1,0,1,0,1,3,1,2,7,7,0,2,1,0,7,4,0
6276,1,5,3,2,0,7,1,0,1,0,1,3,1,2,6,7,0,2,1,0,7,4,4
6277,1,5,2,4,0,2,1,0,1,0,1,3,1,2,6,7,0,2,1,0,7,4,2
6278,1,5,2,2,0,2,1,0,1,0,1,3,1,1,6,7,0,2,1,0,7,4,4
6279,0,0,2,8,0,5,1,1,0,7,0,1,1,1,7,7,0,2,2,4,7,3,1
6280,1,2,2,2,0,7,1,0,1,0,1,1,1,1,6,7,0,2,1,0,7,4,4
6281,1,5,2,2,0,8,1,0,1,0,1,3,2,2,6,7,0,2,1,0,7,4,2
6282,1,5,3,2,0,2,1,0,1,0,1,1,2,1,7,6,0,2,1,0,7,4,0
6283,1,2,3,4,0,2,1,0,1,0,1,1,2,2,7,6,0,2,1,0,7,4,4
6284,1,2,2,2,0,8,1,0,1,0,1,3,1,2,6,6,0,2,1,0,7,4,2
6285,1,2,3,4,0,7,1,0,1,0,1,3,2,1,7,6,0,2,1,0,7,4,0
6286,1,2,3,2,0,2,1,0,1,0,1,3,1,1,7,6,0,2,1,0,7,4,0
6287,1,2,2,4,0,2,1,0,1,0,1,3,2,2,6,7,0,2,1,0,7,4,0
6288,1,5,3,2,0,2,1,0,1,0,1,3,2,2,7,6,0,2,1,0,7,4,2
6289,1,2,2,4,0,7,1,0,1,0,1,3,1,2,6,7,0,2,1,0,7,4,0
6290,1,5,2,4,0,8,1,0,1,0,1,3,1,2,7,7,0,2,1,0,7,4,2
6291,1,2,2,2,0,7,1,0,1,0,1,1,1,2,6,6,0,2,1,0,7,4,4
6292,1,5,2,4,0,7,1,0,1,0,1,3,2,2,7,7,0,2,1,0,7,4,0
6293,1,2,2,2,0,7,1,0,1,0,1,3,1,2,6,7,0,2,1,0,7,4,2
6294,1,5,3,2,0,8,1,0,1,0,1,3,2,2,6,7,0,2,1,0,7,4,4
6295,1,2,3,4,0,2,1,0,1,0,1,1,2,1,7,7,0,2,1,0,7,4,4
6296,1,5,3,2,0,2,1,0,1,0,1,3,1,2,6,6,0,2,1,0,7,4,2
6297,1,2,2,4,0,2,1,0,1,0,1,1,1,1,7,7,0,2,1,0,7,4,4
6298,1,2,2,4,0,8,1,0,1,0,1,1,1,2,7,6,0,2,1,0,7,4,4
6299,1,5,2,4,0,8,1,0,1,0,1,3,1,1,7,7,0,2,1,0,7,4,4
6300,1,2,2,2,0,7,1,0,1,0,1,3,2,2,7,6,0,2,1,0,7,4,0
6301,1,3,3,4,0,8,1,0,1,0,1,1,1,2,6,6,0,2,1,0,7,4,4
6302,1,5,3,2,0,2,1,0,1,0,1,3,2,1,6,6,0,2,1,0,7,4,2
6303,1,5,3,2,0,7,1,0,1,0,1,3,2,1,6,7,0,2,1,0,7,4,0
6304,1,3,2,4,0,7,1,0,1,0,1,3,1,1,6,6,0,2,1,0,7,4,0
6305,1,5,2,2,0,2,1,0,1,0,1,1,1,2,6,6,0,2,1,0,7,4,4
6306,1,5,2,2,0,2,1,0,1,0,1,3,2,2,6,7,0,2,1,0,7,4,4
6307,1,2,3,4,0,2,1,0,1,0,1,3,2,1,7,7,0,2,1,0,7,4,2
6308,1,2,2,2,0,8,1,0,1,0,1,3,2,2,6,7,0,2,1,0,7,4,0
6309,1,2,2,2,0,2,1,0,1,0,1,1,2,2,6,6,0,2,1,0,7,4,4
6310,1,2,2,4,0,2,1,0,1,0,1,3,1,2,7,6,0,2,1,0,7,4,2
6311,1,2,3,2,0,2,1,0,1,0,1,1,2,2,6,7,0,2,1,0,7,4,4
6312,1,2,3,2,0,2,1,0,1,0,1,1,2,1,6,7,0,2,1,0,7,4,2
6313,1,3,2,2,0,7,1,0,1,0,1,3,1,2,6,6,0,2,1,0,7,4,0
6314,1,5,2,4,0,2,1,0,1,0,1,3,1,2,7,6,0,2,1,0,7,4,0
6315,1,2,3,4,0,8,1,0,1,0,1,3,1,2,6,6,0,2,1,0,7,4,0
6316,1,2,2,2,0,2,1,0,1,0,1,1,1,1,7,7,0,2,1,0,7,4,4
6317,1,3,2,4,0,8,1,0,1,0,1,3,2,2,7,7,0,2,1,0,7,4,0
6318,1,2,3,4,0,2,1,0,1,0,1,1,2,2,6,7,0,2,1,0,7,4,4
6319,1,5,3,2,0,8,1,0,1,0,1,3,2,2,6,7,0,2,1,0,7,4,2
6320,1,5,3,2,0,2,1,0,1,0,1,3,1,1,7,6,0,2,1,0,7,4,4
6321,1,5,2,2,0,8,1,0,1,0,1,3,1,2,6,6,0,2,1,0,7,4,4
6322,1,2,3,4,0,2,1,0,1,0,1,3,1,1,6,7,0,2,1,0,7,4,2
6323,1,2,3,4,0,7,1,0,1,0,1,1,1,2,6,7,0,2,1,0,7,4,4
6324,1,2,3,2,0,7,1,0,1,0,1,1,1,2,6,7,0,2,1,0,7,4,4
6325,1,3,3,4,0,8,1,0,1,0,1,3,1,2,7,7,0,2,1,0,7,4,2
6326,1,5,2,4,0,7,1,0,1,0,1,3,1,1,6,6,0,2,1,0,7,4,0
6327,1,5,2,2,0,8,1,0,1,0,1,3,2,2,6,6,0,2,1,0,7,4,2
6328,1,5,2,4,0,2,1,0,1,0,1,3,2,2,6,7,0,2,1,0,7,4,2
6329,1,2,3,2,0,2,1,0,1,0,1,1,2,1,7,6,0,2,1,0,7,4,4
6330,1,3,3,2,0,2,1,0,1,0,1,1,2,1,6,6,0,2,1,0,7,4,0
6331,0,5,0,3,0,5,1,1,0,10,0,1,2,1,7,7,0,2,2,4,7,3,1
6332,1,2,3,2,0,2,1,0,1,0,1,1,2,2,6,7,0,2,1,0,7,4,2
6333,1,5,2,2,0,2,1,0,1,0,1,3,1,2,7,6,0,2,1,0,7,4,2
6334,1,5,2,2,0,7,1,0,1,0,1,3,1,2,6,7,0,2,1,0,7,4,2
6335,1,5,3,2,0,7,1,0,1,0,1,3,1,1,6,7,0,2,1,0,7,4,0
6336,1,2,3,4,0,2,1,0,1,0,1,1,1,1,6,6,0,2,1,0,7,4,4
6337,1,2,3,4,0,8,1,0,1,0,1,1,2,2,6,6,0,2,1,0,7,4,2
6338,1,5,2,4,0,7,1,0,1,0,1,3,1,2,7,6,0,2,1,0,7,4,4
6339,1,5,2,2,0,2,1,0,1,0,1,3,1,1,7,6,0,2,1,0,7,4,2
6340,1,2,3,2,0,2,1,0,1,0,1,3,2,1,6,7,0,2,1,0,7,4,0
6341,1,2,2,4,0,2,1,0,1,0,1,3,1,1,6,6,0,2,1,0,7,4,2
6342,1,2,3,4,0,2,1,0,1,0,1,3,1,2,7,6,0,2,1,0,7,4,2
6343,1,2,3,4,0,8,1,0,1,0,1,3,1,1,7,6,0,2,1,0,7,4,0
6344,1,5,3,2,0,2,1,0,1,0,1,3,1,2,7,6,0,2,1,0,7,4,2
6345,1,5,2,2,0,2,1,0,1,0,1,3,2,1,7,7,0,2,1,0,7,4,4
6346,1,2,2,4,0,2,1,0,1,0,1,1,2,2,6,6,0,2,1,0,7,4,2
6347,1,2,2,4,0,7,1,0,1,0,1,3,1,2,7,6,0,2,1,0,7,4,0
6348,1,5,2,2,0,2,1,0,1,0,1,1,2,1,6,7,0,2,1,0,7,4,0
6349,1,2,2,4,0,2,1,0,1,0,1,3,1,1,7,6,0,2,1,0,7,4,2
6350,1,2,2,4,0,2,1,0,1,0,1,1,1,1,6,6,0,2,1,0,7,4,4
6351,1,2,3,4,0,2,1,0,1,0,1,1,2,2,6,6,0,2,1,0,7,4,4
6352,1,5,2,4,0,7,1,0,1,0,1,3,1,1,7,7,0,2,1,0,7,4,2
6353,1,2,2,4,0,8,1,0,1,0,1,3,1,2,7,6,0,2,1,0,7,4,2
6354,1,2,2,4,0,8,1,0,1,0,1,1,1,1,6,7,0,2,1,0,7,4,4
6355,1,5,2,4,0,8,1,0,1,0,1,3,2,2,7,7,0,2,1,0,7,4,4
6356,1,2,3,4,0,2,1,0,1,0,1,1,1,1,7,6,0,2,1,0,7,4,4
6357,1,5,2,4,0,8,1,0,1,0,1,3,1,2,6,7,0,2,1,0,7,4,4
6358,1,5,2,4,0,8,1,0,1,0,1,3,2,2,6,7,0,2,1,0,7,4,4
6359,1,2,2,4,0,2,1,0,1,0,1,1,1,1,7,6,0,2,1,0,7,4,4
6360,1,2,3,4,0,2,1,0,1,0,1,3,2,2,6,6,0,2,1,0,7,4,0
6361,1,5,3,2,0,8,1,0,1,0,1,3,2,2,6,6,0,2,1,0,7,4,0
6362,1,2,2,2,0,2,1,0,1,0,1,3,2,1,7,6,0,2,1,0,7,4,2
6363,1,2,3,4,0,7,1,0,1,0,1,3,2,1,6,6,0,2,1,0,7,4,0
6364,1,2,2,2,0,8,1,0,1,0,1,3,2,1,7,6,0,2,1,0,7,4,2
6365,1,5,2,4,0,2,1,0,1,0,1,3,1,1,6,7,0,2,1,0,7,4,4
6366,0,3,0,8,0,5,1,1,0,7,0,1,1,1,7,7,0,2,2,4,7,2,1
6367,1,5,2,4,0,2,1,0,1,0,1,3,2,2,7,6,0,2,1,0,7,4,4
6368,1,2,2,4,0,2,1,0,1,0,1,3,1,2,7,6,0,2,1,0,7,4,0
6369,1,2,3,4,0,8,1,0,1,0,1,1,1,1,7,7,0,2,1,0,7,4,4
6370,1,2,2,4,0,2,1,0,1,0,1,3,1,2,7,7,0,2,1,0,7,4,0
6371,1,2,3,4,0,8,1,0,1,0,1,3,1,2,6,7,0,2,1,0,7,4,0
6372,1,2,3,4,0,2,1,0,1,0,1,1,2,2,7,7,0,2,1,0,7,4,2
6373,1,2,2,4,0,2,1,0,1,0,1,3,2,1,6,6,0,2,1,0,7,4,0
6374,1,2,3,2,0,8,1,0,1,0,1,1,1,2,6,7,0,2,1,0,7,4,4
6375,0,0,2,4,0,5,0,0,0,6,0,1,2,2,5,5,0,1,1,4,4,4,2
6376,1,2,2,2,0,2,1,0,1,0,1,3,1,2,7,6,0,2,1,0,7,4,0
6377,1,2,2,2,0,7,1,0,1,0,1,1,1,1,6,6,0,2,1,0,7,4,4
6378,1,5,2,2,0,8,1,0,1,0,1,3,1,1,6,6,0,2,1,0,7,4,2
6379,1,2,3,4,0,7,1,0,1,0,1,3,2,1,7,7,0,2,1,0,7,4,2
6380,1,2,3,2,0,7,1,0,1,0,1,1,1,2,7,6,0,2,1,0,7,4,4
6381,1,2,2,4,0,2,1,0,1,0,1,3,1,2,6,6,0,2,1,0,7,4,2
6382,1,2,3,2,0,7,1,0,1,0,1,3,1,1,7,6,0,2,1,0,7,4,2
6383,1,2,2,4,0,7,1,0,1,0,1,1,1,2,7,6,0,2,1,0,7,4,4
6384,1,3,3,4,0,8,1,0,1,0,1,1,1,2,7,7,0,2,1,0,7,4,4
6385,1,2,3,2,0,2,1,0,1,0,1,1,1,2,6,6,0,2,1,0,7,4,2
6386,1,2,2,2,0,7,1,0,1,0,1,3,1,1,6,6,0,2,1,0,7,4,0
6387,1,5,3,2,0,2,1,0,1,0,1,1,1,2,7,6,0,2,1,0,7,4,4
6388,1,2,2,4,0,8,1,0,1,0,1,3,1,1,6,6,0,2,1,0,7,4,2
6389,1,5,2,2,0,7,1,0,1,0,1,3,1,2,6,7,0,2,1,0,7,4,4
6390,1,3,3,4,0,8,1,0,1,0,1,1,1,1,7,7,0,2,1,0,7,4,4
6391,1,5,2,4,0,7,1,0,1,0,1,3,1,1,7,6,0,2,1,0,7,4,4
6392,1,5,3,2,0,2,1,0,1,0,1,3,1,1,7,6,0,2,1,0,7,4,0
6393,1,2,3,4,0,8,1,0,1,0,1,3,1,2,7,7,0,2,1,0,7,4,0
6394,1,2,2,2,0,8,1,0,1,0,1,3,2,1,6,6,0,2,1,0,7,4,0
6395,1,2,2,4,0,2,1,0,1,0,1,1,2,2,7,7,0,2,1,0,7,4,4
6396,0,5,2,8,0,5,1,1,0,2,0,1,1,2,7,7,0,2,2,4,7,3,1
6397,1,2,3,4,0,8,1,0,1,0,1,3,2,2,7,6,0,2,1,0,7,4,0
6398,1,2,2,4,0,2,1,0,1,0,1,3,2,1,7,6,0,2,1,0,7,4,2
6399,1,5,3,2,0,8,1,0,1,0,1,3,2,2,6,6,0,2,1,0,7,4,2
6400,1,2,2,2,0,7,1,0,1,0,1,3,2,1,7,6,0,2,1,0,7,4,2
6401,1,5,2,4,0,7,1,0,1,0,1,3,2,2,7,6,0,2,1,0,7,4,4
6402,1,5,3,2,0,2,1,0,1,0,1,3,2,1,6,7,0,2,1,0,7,4,2
6403,0,3,0,3,0,5,1,1,0,2,0,1,1,1,7,7,0,2,2,4,7,3,1
6404,1,2,2,2,0,7,1,0,1,0,1,3,1,2,7,6,0,2,1,0,7,4,2
6405,1,2,3,2,0,7,1,0,1,0,1,1,2,1,7,7,0,2,1,0,7,4,4
6406,0,0,0,8,0,5,1,1,0,10,0,1,2,1,7,7,0,2,2,4,7,3,1
6407,1,2,2,4,0,8,1,0,1,0,1,3,2,1,6,7,0,2,1,0,7,4,2
6408,1,5,3,2,0,7,1,0,1,0,1,3,1,2,7,7,0,2,1,0,7,4,2
6409,1,5,3,2,0,2,1,0,1,0,1,1,2,1,6,6,0,2,1,0,7,4,0
6410,1,2,2,4,0,7,1,0,1,0,1,1,1,2,7,7,0,2,1,0,7,4,4
6411,1,5,2,4,0,2,1,0,1,0,1,3,1,1,6,6,0,2,1,0,7,4,0
6412,1,2,2,2,0,7,1,0,1,0,1,1,1,1,7,7,0,2,1,0,7,4,4
6413,1,2,2,2,0,7,1,0,1,0,1,3,2,1,6,6,0,2,1,0,7,4,2
6414,1,2,2,2,0,7,1,0,1,0,1,3,2,2,6,7,0,2,1,0,7,4,2
6416,1,2,3,4,0,8,1,0,1,0,1,3,2,1,6,6,0,2,1,0,7,4,0
6417,1,2,3,2,0,8,1,0,1,0,1,3,2,2,7,7,0,2,1,0,7,4,0
6418,1,5,2,2,0,7,1,0,1,0,1,3,1,1,6,7,0,2,1,0,7,4,4
6419,1,2,2,2,0,8,1,0,1,0,1,1,2,2,6,7,0,2,1,0,7,4,4
6420,1,2,3,2,0,2,1,0,1,0,1,1,1,1,7,7,0,2,1,0,7,4,4
6421,1,2,3,2,0,7,1,0,1,0,1,1,2,2,6,7,0,2,1,0,7,4,2
6422,1,5,2,2,0,2,1,0,1,0,1,3,1,1,7,7,0,2,1,0,7,4,2
6423,1,2,2,2,0,7,1,0,1,0,1,1,2,1,6,7,0,2,1,0,7,4,4
6424,0,5,2,4,0,5,0,0,0,5,0,3,2,2,5,5,0,0,1,4,8,1,2
6425,1,2,3,4,0,7,1,0,1,0,1,3,2,1,6,7,0,2,1,0,7,4,0
6426,1,2,3,2,0,7,1,0,1,0,1,1,2,2,7,6,0,2,1,0,7,4,2
6427,1,2,3,2,0,7,1,0,1,0,1,1,2,2,7,7,0,2,1,0,7,4,2
6428,1,5,2,4,0,2,1,0,1,0,1,3,1,2,6,7,0,2,1,0,7,4,4
6429,1,5,2,2,0,8,1,0,1,0,1,3,1,2,6,6,0,2,1,0,7,4,0
6430,1,5,3,2,0,2,1,0,1,0,1,3,1,1,6,6,0,2,1,0,7,4,0
6431,1,5,2,2,0,7,1,0,1,0,1,3,2,1,7,6,0,2,1,0,7,4,4
6432,1,5,3,2,0,8,1,0,1,0,1,3,2,2,6,6,0,2,1,0,7,4,4
6433,1,2,3,2,0,2,1,0,1,0,1,1,2,1,7,7,0,2,1,0,7,4,4
6434,0,5,2,4,0,5,0,0,0,5,0,1,2,2,5,5,0,0,1,4,4,4,2
6435,1,2,2,4,0,7,1,0,1,0,1,1,1,1,6,6,0,2,1,0,7,4,4
6436,1,5,3,2,0,2,1,0,1,0,1,3,2,2,7,7,0,2,1,0,7,4,4
6437,1,2,2,4,0,2,1,0,1,0,1,3,2,2,7,6,0,2,1,0,7,4,0
6438,1,2,3,2,0,8,1,0,1,0,1,1,1,1,7,7,0,2,1,0,7,4,4
6439,1,5,3,2,0,2,1,0,1,0,1,1,1,2,6,7,0,2,1,0,7,4,0
6440,1,5,2,4,0,7,1,0,1,0,1,3,1,2,6,7,0,2,1,0,7,4,0
6441,1,5,2,4,0,2,1,0,1,0,1,3,2,1,7,6,0,2,1,0,7,4,2
6442,1,5,2,4,0,8,1,0,1,0,1,3,2,2,7,7,0,2,1,0,7,4,2
6443,1,5,3,2,0,7,1,0,1,0,1,3,2,2,6,7,0,2,1,0,7,4,0
6444,1,2,2,4,0,8,1,0,1,0,1,3,1,2,6,6,0,2,1,0,7,4,2
6445,1,2,2,4,0,8,1,0,1,0,1,1,2,2,7,6,0,2,1,0,7,4,2
6446,1,3,3,2,0,8,1,0,1,0,1,1,2,2,6,6,0,2,1,0,7,4,2
6447,1,5,2,4,0,8,1,0,1,0,1,3,1,2,7,6,0,2,1,0,7,4,0
6448,1,2,3,4,0,8,1,0,1,0,1,1,2,1,6,7,0,2,1,0,7,4,4
6449,0,3,2,8,0,5,1,1,0,2,0,1,2,1,7,7,0,2,2,4,7,2,1
6450,1,2,2,2,0,8,1,0,1,0,1,3,2,1,7,7,0,2,1,0,7,4,2
6451,1,5,2,2,0,8,1,0,1,0,1,3,2,1,6,7,0,2,1,0,7,4,2
6452,1,2,3,4,0,2,1,0,1,0,1,3,2,2,7,6,0,2,1,0,7,4,0
6453,1,2,3,4,0,7,1,0,1,0,1,1,1,1,6,6,0,2,1,0,7,4,4
6454,1,2,3,2,0,8,1,0,1,0,1,3,1,1,6,7,0,2,1,0,7,4,0
6455,1,5,2,4,0,2,1,0,1,0,1,3,1,1,6,6,0,2,1,0,7,4,4
6456,1,2,3,4,0,7,1,0,1,0,1,3,1,1,7,6,0,2,1,0,7,4,2
6457,1,5,2,4,0,7,1,0,1,0,1,3,2,1,7,6,0,2,1,0,7,4,2
6458,1,3,3,4,0,8,1,0,1,0,1,3,1,1,6,6,0,2,1,0,7,4,2
6459,1,2,2,2,0,7,1,0,1,0,1,3,1,2,7,6,0,2,1,0,7,4,0
6460,1,2,3,2,0,7,1,0,1,0,1,3,1,1,6,6,0,2,1,0,7,4,2
6461,1,2,3,2,0,2,1,0,1,0,1,1,2,2,7,7,0,2,1,0,7,4,2
6462,1,2,3,2,0,7,1,0,1,0,1,1,1,1,7,6,0,2,1,0,7,4,4
6463,1,2,3,4,0,2,1,0,1,0,1,1,2,2,7,7,0,2,1,0,7,4,4
6464,1,2,3,4,0,2,1,0,1,0,1,1,2,2,7,6,0,2,1,0,7,4,2
6465,1,3,3,4,0,8,1,0,1,0,1,3,1,2,6,7,0,2,1,0,7,4,2
6466,1,3,3,4,0,8,1,0,1,0,1,1,1,2,6,7,0,2,1,0,7,4,4
6467,1,2,2,2,0,8,1,0,1,0,1,1,1,2,7,6,0,2,1,0,7,4,4
6468,1,5,2,2,0,8,1,0,1,0,1,3,1,1,7,6,0,2,1,0,7,4,0
6469,1,3,2,4,0,2,1,0,1,0,1,3,1,2,6,7,0,2,1,0,7,4,2
6470,1,5,2,2,0,2,1,0,1,0,1,1,2,2,6,6,0,2,1,0,7,4,4
6471,1,2,2,4,0,2,1,0,1,0,1,3,1,1,6,7,0,2,1,0,7,4,0
6472,1,5,2,2,0,7,1,0,1,0,1,3,2,1,7,7,0,2,1,0,7,4,2
6473,1,2,2,4,0,8,1,0,1,0,1,1,2,1,6,7,0,2,1,0,7,4,4
6474,1,5,2,4,0,2,1,0,1,0,1,3,1,1,7,6,0,2,1,0,7,4,2
6475,1,2,3,2,0,8,1,0,1,0,1,3,2,1,7,6,0,2,1,0,7,4,0
6476,1,5,2,4,0,2,1,0,1,0,1,3,1,2,7,6,0,2,1,0,7,4,2
6477,1,5,2,2,0,8,1,0,1,0,1,3,2,2,7,7,0,2,1,0,7,4,4
6478,1,5,2,2,0,7,1,0,1,0,1,3,2,1,7,7,0,2,1,0,7,4,0
6479,1,5,2,4,0,7,1,0,1,0,1,3,1,1,6,6,0,2,1,0,7,4,4
6480,1,5,3,2,0,7,1,0,1,0,1,3,2,2,7,7,0,2,1,0,7,4,0
6481,1,2,3,2,0,8,1,0,1,0,1,1,2,1,6,7,0,2,1,0,7,4,4
6482,1,2,2,2,0,7,1,0,1,0,1,3,1,2,6,7,0,2,1,0,7,4,0
6483,1,5,2,2,0,8,1,0,1,0,1,3,1,1,7,7,0,2,1,0,7,4,0
6484,1,2,3,2,0,8,1,0,1,0,1,3,1,1,7,7,0,2,1,0,7,4,2
6485,1,2,2,2,0,8,1,0,1,0,1,1,1,2,7,7,0,2,1,0,7,4,4
6486,1,2,2,2,0,7,1,0,1,0,1,3,2,1,6,7,0,2,1,0,7,4,2
6487,1,2,3,4,0,2,1,0,1,0,1,3,1,1,7,6,0,2,1,0,7,4,0
6488,1,2,2,4,0,7,1,0,1,0,1,1,2,1,7,7,0,2,1,0,7,4,4
6489,1,5,2,2,0,2,1,0,1,0,1,3,2,1,7,6,0,2,1,0,7,4,4
6490,1,2,3,4,0,7,1,0,1,0,1,3,1,1,6,6,0,2,1,0,7,4,2
6491,1,2,2,4,0,7,1,0,1,0,1,3,2,1,6,6,0,2,1,0,7,4,0
6492,1,2,3,4,0,2,1,0,1,0,1,3,1,2,6,6,0,2,1,0,7,4,2
6493,1,2,2,2,0,7,1,0,1,0,1,3,1,1,6,7,0,2,1,0,7,4,2
6494,1,2,3,2,0,2,1,0,1,0,1,1,2,1,6,7,0,2,1,0,7,4,4
6495,1,2,3,4,0,8,1,0,1,0,1,3,1,2,7,6,0,2,1,0,7,4,0
6496,1,2,2,2,0,8,1,0,1,0,1,3,1,1,7,6,0,2,1,0,7,4,0
6497,1,2,2,2,0,2,1,0,1,0,1,3,2,1,7,6,0,2,1,0,7,4,0
6498,1,2,3,4,0,7,1,0,1,0,1,3,1,1,6,6,0,2,1,0,7,4,0
6499,1,2,2,2,0,2,1,0,1,0,1,3,1,2,7,7,0,2,1,0,7,4,0
6500,1,2,2,4,0,2,1,0,1,0,1,3,1,2,6,6,0,2,1,0,7,4,0
6501,1,3,3,2,0,7,1,0,1,0,1,3,2,2,6,6,0,2,1,0,7,4,0
6502,1,2,3,2,0,2,1,0,1,0,1,3,2,1,7,7,0,2,1,0,7,4,0
6503,1,2,2,2,0,2,1,0,1,0,1,3,1,1,7,6,0,2,1,0,7,4,0
6504,1,2,3,2,0,8,1,0,1,0,1,3,2,2,7,6,0,2,1,0,7,4,0
6505,1,2,3,4,0,7,1,0,1,0,1,3,1,2,7,6,0,2,1,0,7,4,2
6506,1,2,3,2,0,2,1,0,1,0,1,1,2,2,6,6,0,2,1,0,7,4,4
6507,1,2,2,4,0,7,1,0,1,0,1,1,2,1,6,6,0,2,1,0,7,4,4
6508,1,5,3,2,0,8,1,0,1,0,1,3,2,2,7,7,0,2,1,0,7,4,0
6509,0,5,0,8,0,5,1,1,0,7,0,1,1,2,7,7,0,2,2,4,7,2,1
6510,1,5,2,2,0,7,1,0,1,0,1,3,1,2,7,7,0,2,1,0,7,4,0
6511,1,5,2,2,0,2,1,0,1,0,1,3,2,2,6,7,0,2,1,0,7,4,2
6512,1,2,3,4,0,8,1,0,1,0,1,3,1,1,6,7,0,2,1,0,7,4,2
6513,1,5,2,2,0,8,1,0,1,0,1,3,2,2,6,6,0,2,1,0,7,4,0
6514,1,5,2,4,0,8,1,0,1,0,1,3,2,1,7,7,0,2,1,0,7,4,0
6515,1,5,2,4,0,2,1,0,1,0,1,3,1,2,7,7,0,2,1,0,7,4,4
6516,1,5,2,4,0,8,1,0,1,0,1,3,1,1,7,7,0,2,1,0,7,4,2
6517,0,5,0,3,0,5,1,1,0,7,0,1,2,1,7,7,0,2,2,4,7,2,1
6518,1,2,3,2,0,2,1,0,1,0,1,1,1,2,7,6,0,2,1,0,7,4,2
6519,1,2,3,2,0,2,1,0,1,0,1,1,2,1,7,6,0,2,1,0,7,4,2
6520,1,5,3,2,0,8,1,0,1,0,1,3,2,2,7,7,0,2,1,0,7,4,4
6521,1,5,2,4,0,8,1,0,1,0,1,3,1,1,6,7,0,2,1,0,7,4,4
6522,1,3,2,2,0,8,1,0,1,0,1,1,1,2,6,6,0,2,1,0,7,4,4
6523,1,3,3,2,0,2,1,0,1,0,1,3,1,2,7,7,0,2,1,0,7,4,0
6524,1,2,3,2,0,7,1,0,1,0,1,3,1,1,6,6,0,2,1,0,7,4,0
6525,1,5,2,4,0,2,1,0,1,0,1,3,1,1,7,7,0,2,1,0,7,4,2
6526,1,2,2,4,0,7,1,0,1,0,1,3,1,2,7,7,0,2,1,0,7,4,2
6527,1,5,2,2,0,7,1,0,1,0,1,3,1,2,7,7,0,2,1,0,7,4,4
6528,1,2,3,4,0,8,1,0,1,0,1,3,1,1,7,7,0,2,1,0,7,4,0
6529,1,5,2,4,0,7,1,0,1,0,1,3,1,2,7,7,0,2,1,0,7,4,4
6530,0,3,0,8,0,5,1,1,0,7,0,1,2,1,7,7,0,2,2,4,7,2,1
6531,1,3,3,4,0,2,1,0,1,0,1,3,2,1,6,7,0,2,1,0,7,4,0
6532,1,2,2,2,0,2,1,0,1,0,1,3,2,1,6,7,0,2,1,0,7,4,0
6533,1,5,3,2,0,2,1,0,1,0,1,1,1,2,6,6,0,2,1,0,7,4,0
6534,1,5,2,4,0,7,1,0,1,0,1,3,2,2,6,6,0,2,1,0,7,4,2
6535,1,5,2,4,0,8,1,0,1,0,1,3,2,2,7,6,0,2,1,0,7,4,0
6536,1,2,3,2,0,8,1,0,1,0,1,1,1,2,7,6,0,2,1,0,7,4,2
6537,1,2,3,4,0,7,1,0,1,0,1,1,2,2,7,6,0,2,1,0,7,4,2
6538,1,5,3,2,0,8,1,0,1,0,1,3,2,2,7,7,0,2,1,0,7,4,2
6539,1,2,2,2,0,8,1,0,1,0,1,1,2,1,6,6,0,2,1,0,7,4,4
6540,1,5,2,2,0,7,1,0,1,0,1,3,2,1,6,7,0,2,1,0,7,4,0
6541,1,5,2,4,0,7,1,0,1,0,1,3,1,2,6,7,0,2,1,0,7,4,4
6542,1,2,3,4,0,2,1,0,1,0,1,3,1,1,7,6,0,2,1,0,7,4,2
6543,1,2,3,2,0,7,1,0,1,0,1,1,2,1,7,6,0,2,1,0,7,4,2
6544,1,2,3,4,0,7,1,0,1,0,1,3,1,2,7,7,0,2,1,0,7,4,2
6545,1,2,3,4,0,2,1,0,1,0,1,3,2,2,7,7,0,2,1,0,7,4,0
6546,1,2,2,4,0,8,1,0,1,0,1,1,2,1,6,6,0,2,1,0,7,4,4
6547,1,2,3,2,0,2,1,0,1,0,1,1,1,2,6,7,0,2,1,0,7,4,4
6548,1,2,3,2,0,7,1,0,1,0,1,1,1,2,7,6,0,2,1,0,7,4,2
6549,1,5,3,2,0,7,1,0,1,0,1,3,1,2,7,6,0,2,1,0,7,4,4
6550,1,3,2,2,0,2,1,0,1,0,1,1,2,1,6,6,0,2,1,0,7,4,4
6551,1,2,3,2,0,7,1,0,1,0,1,1,2,2,6,7,0,2,1,0,7,4,4
6552,1,2,3,4,0,8,1,0,1,0,1,1,2,2,7,6,0,2,1,0,7,4,4
6553,1,2,2,4,0,7,1,0,1,0,1,3,1,1,6,6,0,2,1,0,7,4,0
6554,1,2,2,2,0,8,1,0,1,0,1,1,2,1,7,7,0,2,1,0,7,4,4
6555,1,3,2,2,0,2,1,0,1,0,1,1,2,1,7,6,0,2,1,0,7,4,4
6556,1,2,3,2,0,7,1,0,1,0,1,1,2,2,7,7,0,2,1,0,7,4,4
6557,1,2,2,4,0,7,1,0,1,0,1,1,1,1,6,7,0,2,1,0,7,4,4
6558,0,5,2,4,0,5,0,0,0,5,0,1,2,2,5,5,0,1,1,4,0,4,2
6559,1,5,2,4,0,8,1,0,1,0,1,3,2,2,6,7,0,2,1,0,7,4,2
6560,1,3,2,4,0,8,1,0,1,0,1,1,2,2,6,7,0,2,1,0,7,4,2
6561,1,2,2,4,0,2,1,0,1,0,1,3,2,1,7,6,0,2,1,0,7,4,0
6562,1,2,2,4,0,8,1,0,1,0,1,3,1,2,7,7,0,2,1,0,7,4,0
6563,1,5,2,4,0,8,1,0,1,0,1,3,2,2,7,6,0,2,1,0,7,4,4
6564,1,2,2,4,0,8,1,0,1,0,1,3,1,1,7,7,0,2,1,0,7,4,0
6565,1,2,3,2,0,2,1,0,1,0,1,1,1,2,6,6,0,2,1,0,7,4,4
6566,1,2,3,2,0,8,1,0,1,0,1,3,2,1,6,6,0,2,1,0,7,4,0
6567,1,2,2,4,0,2,1,0,1,0,1,1,2,2,6,7,0,2,1,0,7,4,2
6568,1,5,2,2,0,2,1,0,1,0,1,3,2,1,7,6,0,2,1,0,7,4,2
6569,1,5,2,4,0,7,1,0,1,0,1,3,2,1,7,7,0,2,1,0,7,4,4
6570,1,5,2,2,0,8,1,0,1,0,1,3,2,2,6,6,0,2,1,0,7,4,4
6571,1,5,2,2,0,7,1,0,1,0,1,3,1,1,6,6,0,2,1,0,7,4,0
6572,1,2,3,2,0,2,1,0,1,0,1,1,1,2,6,7,0,2,1,0,7,4,2
6573,1,5,2,2,0,8,1,0,1,0,1,3,1,1,6,7,0,2,1,0,7,4,4
6574,1,3,2,2,0,8,1,0,1,0,1,3,1,2,6,7,0,2,1,0,7,4,2
6575,1,5,3,2,0,2,1,0,1,0,1,1,2,2,7,6,0,2,1,0,7,4,4
6576,1,2,2,4,0,2,1,0,1,0,1,1,2,2,7,6,0,2,1,0,7,4,4
6577,1,2,2,4,0,8,1,0,1,0,1,3,2,1,6,6,0,2,1,0,7,4,2
6578,1,5,2,4,0,2,1,0,1,0,1,1,2,2,7,6,0,2,1,0,7,4,0
6579,1,3,3,2,0,8,1,0,1,0,1,1,2,1,7,7,0,2,1,0,7,4,4
6580,1,5,2,2,0,8,1,0,1,0,1,3,1,1,6,7,0,2,1,0,7,4,2
6581,1,2,3,4,0,7,1,0,1,0,1,3,2,2,6,7,0,2,1,0,7,4,0
6582,1,2,3,2,0,7,1,0,1,0,1,3,1,2,7,7,0,2,1,0,7,4,0
6583,1,2,3,4,0,7,1,0,1,0,1,1,2,2,6,6,0,2,1,0,7,4,4
6584,1,2,2,4,0,7,1,0,1,0,1,3,1,1,6,6,0,2,1,0,7,4,2
6585,1,2,2,2,0,8,1,0,1,0,1,1,2,2,7,6,0,2,1,0,7,4,4
6586,1,3,3,4,0,8,1,0,1,0,1,1,1,1,7,6,0,2,1,0,7,4,4
6587,1,2,3,2,0,8,1,0,1,0,1,1,2,1,7,7,0,2,1,0,7,4,2
6588,1,2,2,2,0,7,1,0,1,0,1,1,2,2,6,7,0,2,1,0,7,4,4
6589,1,2,2,4,0,2,1,0,1,0,1,3,2,2,7,7,0,2,1,0,7,4,0
6590,1,5,2,4,0,8,1,0,1,0,1,3,2,2,7,6,0,2,1,0,7,4,2
6591,1,2,3,4,0,7,1,0,1,0,1,3,1,2,6,7,0,2,1,0,7,4,0
6592,1,2,3,2,0,7,1,0,1,0,1,3,1,1,7,7,0,2,1,0,7,4,0
6593,1,5,3,2,0,7,1,0,1,0,1,3,1,1,6,6,0,2,1,0,7,4,0
6594,1,2,2,2,0,7,1,0,1,0,1,1,1,2,7,7,0,2,1,0,7,4,4
6595,1,5,2,4,0,7,1,0,1,0,1,3,1,1,7,6,0,2,1,0,7,4,2
6596,1,2,2,4,0,8,1,0,1,0,1,1,1,1,6,6,0,2,1,0,7,4,4
6597,1,2,2,4,0,7,1,0,1,0,1,3,2,1,7,7,0,2,1,0,7,4,2
6598,1,2,2,2,0,8,1,0,1,0,1,1,2,2,6,6,0,2,1,0,7,4,4
6599,0,5,2,3,0,5,1,1,0,7,0,1,2,1,7,7,0,2,2,4,7,2,1
6600,1,3,3,4,0,8,1,0,1,0,1,1,1,1,6,7,0,2,1,0,7,4,4
6601,1,5,3,2,0,7,1,0,1,0,1,3,1,2,7,7,0,2,1,0,7,4,4
6602,1,5,2,4,0,7,1,0,1,0,1,3,2,2,7,7,0,2,1,0,7,4,4
6603,1,5,2,4,0,7,1,0,1,0,1,3,2,2,7,6,0,2,1,0,7,4,0
6604,1,2,3,2,0,7,1,0,1,0,1,3,1,1,6,7,0,2,1,0,7,4,2
6605,1,3,3,4,0,2,1,0,1,0,1,1,2,2,6,6,0,2,1,0,7,4,2
6606,1,5,2,2,0,2,1,0,1,0,1,1,1,2,6,7,0,2,1,0,7,4,0
6607,1,5,2,4,0,7,1,0,1,0,1,3,2,1,7,7,0,2,1,0,7,4,0
6608,1,3,3,4,0,8,1,0,1,0,1,3,1,2,6,6,0,2,1,0,7,4,0
6609,1,5,3,2,0,2,1,0,1,0,1,3,1,1,6,7,0,2,1,0,7,4,2
6610,1,3,2,4,0,2,1,0,1,0,1,3,1,2,6,7,0,2,1,0,7,4,4
6611,1,5,2,4,0,2,1,0,1,0,1,3,2,1,7,7,0,2,1,0,7,4,4
6612,1,5,3,2,0,2,1,0,1,0,1,1,2,1,6,7,0,2,1,0,7,4,0
6613,1,2,2,2,0,8,1,0,1,0,1,3,2,1,7,7,0,2,1,0,7,4,0
6614,1,2,2,4,0,7,1,0,1,0,1,3,2,1,7,6,0,2,1,0,7,4,2
6615,1,2,2,4,0,2,1,0,1,0,1,1,1,2,6,6,0,2,1,0,7,4,4
6616,1,2,2,2,0,8,1,0,1,0,1,1,1,2,6,7,0,2,1,0,7,4,4
6617,1,5,3,2,0,7,1,0,1,0,1,3,1,2,7,6,0,2,1,0,7,4,2
6618,1,5,2,2,0,2,1,0,1,0,1,3,1,2,6,6,0,2,1,0,7,4,2
6619,1,2,2,4,0,7,1,0,1,0,1,1,2,2,6,7,0,2,1,0,7,4,4
6620,1,2,3,2,0,7,1,0,1,0,1,3,2,2,7,7,0,2,1,0,7,4,0
6621,1,5,2,4,0,2,1,0,1,0,1,3,1,2,6,7,0,2,1,0,7,4,0
6622,1,5,2,2,0,7,1,0,1,0,1,3,1,1,7,6,0,2,1,0,7,4,0
6623,1,5,2,2,0,8,1,0,1,0,1,3,1,1,7,7,0,2,1,0,7,4,2
6624,1,2,2,2,0,2,1,0,1,0,1,1,1,2,6,6,0,2,1,0,7,4,4
6625,1,5,3,2,0,7,1,0,1,0,1,3,2,1,7,7,0,2,1,0,7,4,4
6626,1,5,2,4,0,8,1,0,1,0,1,3,2,1,6,7,0,2,1,0,7,4,0
6627,1,5,2,2,0,7,1,0,1,0,1,3,2,1,7,6,0,2,1,0,7,4,2
6628,1,5,2,2,0,8,1,0,1,0,1,3,2,1,7,6,0,2,1,0,7,4,2
6629,1,5,2,4,0,8,1,0,1,0,1,3,2,1,7,6,0,2,1,0,7,4,0
6630,1,5,2,4,0,7,1,0,1,0,1,3,1,2,6,7,0,2,1,0,7,4,2
6631,1,2,2,2,0,8,1,0,1,0,1,3,2,2,6,6,0,2,1,0,7,4,0
6632,1,2,3,2,0,2,1,0,1,0,1,3,1,2,7,7,0,2,1,0,7,4,0
6633,1,5,2,4,0,7,1,0,1,0,1,3,1,2,7,7,0,2,1,0,7,4,0
6634,1,5,2,2,0,2,1,0,1,0,1,3,1,1,6,6,0,2,1,0,7,4,2
6635,1,2,2,4,0,7,1,0,1,0,1,3,1,2,7,6,0,2,1,0,7,4,2
6636,1,5,2,4,0,2,1,0,1,0,1,3,2,1,6,7,0,2,1,0,7,4,0
6637,1,2,2,2,0,8,1,0,1,0,1,3,1,2,6,7,0,2,1,0,7,4,0
6638,1,3,3,4,0,8,1,0,1,0,1,1,2,1,7,6,0,2,1,0,7,4,4
6639,1,5,2,4,0,8,1,0,1,0,1,3,2,1,6,6,0,2,1,0,7,4,2
6640,1,2,3,4,0,8,1,0,1,0,1,1,1,2,7,6,0,2,1,0,7,4,4
6641,1,3,3,4,0,8,1,0,1,0,1,1,1,2,7,6,0,2,1,0,7,4,4
6642,1,2,2,2,0,7,1,0,1,0,1,3,1,2,7,7,0,2,1,0,7,4,0
6643,1,2,2,4,0,2,1,0,1,0,1,1,1,1,6,7,0,2,1,0,7,4,4
6644,1,5,2,2,0,8,1,0,1,0,1,3,2,1,7,6,0,2,1,0,7,4,0
6645,1,5,2,4,0,2,1,0,1,0,1,3,2,2,6,6,0,2,1,0,7,4,2
6646,1,2,3,4,0,8,1,0,1,0,1,1,1,2,6,6,0,2,1,0,7,4,4
6647,1,2,3,4,0,7,1,0,1,0,1,1,2,1,6,7,0,2,1,0,7,4,4
6648,1,5,2,2,0,8,1,0,1,0,1,3,2,2,7,7,0,2,1,0,7,4,2
6649,1,2,3,4,0,8,1,0,1,0,1,3,1,2,7,7,0,2,1,0,7,4,2
6650,1,5,3,2,0,7,1,0,1,0,1,3,2,2,6,7,0,2,1,0,7,4,4
6651,1,2,3,4,0,8,1,0,1,0,1,3,1,1,7,7,0,2,1,0,7,4,2
6652,1,2,3,2,0,7,1,0,1,0,1,1,1,2,7,7,0,2,1,0,7,4,4
6653,1,5,3,2,0,2,1,0,1,0,1,3,1,2,6,7,0,2,1,0,7,4,2
6654,1,2,2,2,0,8,1,0,1,0,1,3,2,2,6,6,0,2,1,0,7,4,2
6655,1,3,2,4,0,7,1,0,1,0,1,3,2,1,7,7,0,2,1,0,7,4,0
6656,1,5,3,2,0,2,1,0,1,0,1,1,2,2,6,7,0,2,1,0,7,4,4
6657,1,5,2,4,0,2,1,0,1,0,1,3,1,2,6,6,0,2,1,0,7,4,2
6658,1,2,2,2,0,7,1,0,1,0,1,1,1,2,6,7,0,2,1,0,7,4,4
6659,1,2,2,2,0,8,1,0,1,0,1,1,2,2,7,7,0,2,1,0,7,4,4
6660,0,0,0,3,0,5,1,1,0,7,0,1,2,1,7,7,0,2,2,4,7,3,1
6661,1,5,2,4,0,8,1,0,1,0,1,3,1,2,7,7,0,2,1,0,7,4,4
6662,1,3,2,4,0,7,1,0,1,0,1,3,1,2,7,6,0,2,1,0,7,4,4
6663,0,0,2,4,0,5,0,0,0,6,0,1,2,2,5,5,0,0,1,4,8,4,2
6664,1,2,2,4,0,8,1,0,1,0,1,3,2,2,6,6,0,2,1,0,7,4,0
6665,1,2,3,4,0,7,1,0,1,0,1,3,1,1,6,7,0,2,1,0,7,4,0
6666,1,5,3,2,0,7,1,0,1,0,1,3,2,1,7,6,0,2,1,0,7,4,0
6667,1,5,2,2,0,7,1,0,1,0,1,3,1,2,6,6,0,2,1,0,7,4,0
6669,1,5,2,2,0,7,1,0,1,0,1,3,2,2,7,7,0,2,1,0,7,4,2
6670,1,2,2,4,0,7,1,0,1,0,1,1,1,1,7,6,0,2,1,0,7,4,4
6671,1,5,2,4,0,8,1,0,1,0,1,3,1,1,6,6,0,2,1,0,7,4,2
6672,1,5,3,2,0,7,1,0,1,0,1,3,2,1,7,7,0,2,1,0,7,4,0
6673,1,5,2,2,0,2,1,0,1,0,1,3,1,1,6,7,0,2,1,0,7,4,0
6674,1,2,2,2,0,2,1,0,1,0,1,3,2,2,6,7,0,2,1,0,7,4,2
6675,1,2,2,4,0,2,1,0,1,0,1,3,2,1,6,7,0,2,1,0,7,4,0
6676,1,2,2,4,0,7,1,0,1,0,1,3,1,1,7,7,0,2,1,0,7,4,0
6677,1,2,3,2,0,8,1,0,1,0,1,1,1,2,6,6,0,2,1,0,7,4,4
6678,1,5,2,2,0,8,1,0,1,0,1,3,2,1,6,6,0,2,1,0,7,4,2
6679,1,2,3,2,0,7,1,0,1,0,1,3,2,1,7,6,0,2,1,0,7,4,0
6680,1,2,3,4,0,8,1,0,1,0,1,3,2,1,6,7,0,2,1,0,7,4,2
6681,1,5,3,2,0,2,1,0,1,0,1,3,1,1,7,7,0,2,1,0,7,4,2
6682,1,2,3,2,0,7,1,0,1,0,1,1,1,2,6,6,0,2,1,0,7,4,4
6683,1,2,2,2,0,2,1,0,1,0,1,3,1,1,7,7,0,2,1,0,7,4,2
6684,1,2,2,2,0,2,1,0,1,0,1,1,1,2,6,7,0,2,1,0,7,4,4
6685,1,5,2,2,0,8,1,0,1,0,1,3,1,1,7,7,0,2,1,0,7,4,4
6686,1,5,2,2,0,2,1,0,1,0,1,3,1,1,6,6,0,2,1,0,7,4,0
6687,1,3,3,2,0,7,1,0,1,0,1,1,2,2,7,7,0,2,1,0,7,4,4
6688,1,5,3,2,0,2,1,0,1,0,1,3,2,2,7,7,0,2,1,0,7,4,2
6689,1,5,2,2,0,8,1,0,1,0,1,3,2,2,6,7,0,2,1,0,7,4,0
6690,1,5,2,4,0,8,1,0,1,0,1,3,1,1,6,7,0,2,1,0,7,4,0
6691,1,5,2,4,0,7,1,0,1,0,1,3,2,2,7,7,0,2,1,0,7,4,2
6692,1,2,2,4,0,8,1,0,1,0,1,3,2,1,6,7,0,2,1,0,7,4,0
6693,1,2,3,4,0,7,1,0,1,0,1,1,1,1,7,6,0,2,1,0,7,4,4
6694,1,5,2,2,0,7,1,0,1,0,1,3,2,1,7,6,0,2,1,0,7,4,0
6695,1,3,2,4,0,2,1,0,1,0,1,3,2,1,6,7,0,2,1,0,7,4,4
6696,1,2,2,4,0,8,1,0,1,0,1,3,2,2,7,7,0,2,1,0,7,4,0
6697,1,2,3,4,0,2,1,0,1,0,1,3,1,1,7,7,0,2,1,0,7,4,0
6698,1,2,3,2,0,8,1,0,1,0,1,1,2,1,6,6,0,2,1,0,7,4,4
6699,1,2,3,2,0,7,1,0,1,0,1,1,2,1,6,6,0,2,1,0,7,4,2
6700,1,2,3,4,0,2,1,0,1,0,1,3,1,2,6,7,0,2,1,0,7,4,0
6701,1,5,2,2,0,8,1,0,1,0,1,3,1,2,7,6,0,2,1,0,7,4,2
6702,1,2,3,4,0,7,1,0,1,0,1,3,2,1,7,7,0,2,1,0,7,4,0
6703,1,2,2,4,0,7,1,0,1,0,1,3,1,2,7,7,0,2,1,0,7,4,0
6704,1,2,2,2,0,2,1,0,1,0,1,1,2,1,6,6,0,2,1,0,7,4,4
6705,1,5,2,4,0,8,1,0,1,0,1,3,2,2,6,6,0,2,1,0,7,4,0
6706,1,2,3,2,0,2,1,0,1,0,1,3,2,2,7,7,0,2,1,0,7,4,0
6707,1,3,3,4,0,8,1,0,1,0,1,3,1,1,6,7,0,2,1,0,7,4,2
6708,1,2,2,4,0,8,1,0,1,0,1,1,1,2,7,7,0,2,1,0,7,4,4
6709,1,2,3,4,0,2,1,0,1,0,1,1,2,1,6,7,0,2,1,0,7,4,4
6710,1,2,2,2,0,8,1,0,1,0,1,3,1,1,6,6,0,2,1,0,7,4,2
6711,1,5,2,4,0,2,1,0,1,0,1,3,2,1,7,7,0,2,1,0,7,4,2
6712,1,2,2,2,0,2,1,0,1,0,1,1,2,1,6,7,0,2,1,0,7,4,4
6713,1,5,2,2,0,2,1,0,1,0,1,1,2,1,7,7,0,2,1,0,7,4,0
6714,1,2,3,2,0,7,1,0,1,0,1,3,2,2,6,7,0,2,1,0,7,4,0
6715,1,5,2,2,0,8,1,0,1,0,1,3,1,1,6,6,0,2,1,0,7,4,4
6716,1,2,2,2,0,7,1,0,1,0,1,1,2,1,7,6,0,2,1,0,7,4,4
6717,1,2,2,4,0,2,1,0,1,0,1,1,1,2,7,6,0,2,1,0,7,4,4
6718,1,5,2,4,0,8,1,0,1,0,1,3,2,1,6,7,0,2,1,0,7,4,4
6719,1,5,2,2,0,7,1,0,1,0,1,3,2,2,6,6,0,2,1,0,7,4,0
6720,1,2,2,2,0,7,1,0,1,0,1,3,2,1,7,7,0,2,1,0,7,4,0
6721,1,5,2,2,0,2,1,0,1,0,1,3,2,1,6,7,0,2,1,0,7,4,2
6722,1,5,2,4,0,7,1,0,1,0,1,3,1,2,7,7,0,2,1,0,7,4,2
6723,1,2,2,2,0,2,1,0,1,0,1,3,1,1,6,6,0,2,1,0,7,4,0
6724,1,5,3,2,0,7,1,0,1,0,1,3,2,1,7,6,0,2,1,0,7,4,2
6725,1,5,2,4,0,8,1,0,1,0,1,3,2,1,6,6,0,2,1,0,7,4,4
6726,1,5,3,2,0,7,1,0,1,0,1,3,2,2,7,6,0,2,1,0,7,4,4
6727,1,2,2,2,0,8,1,0,1,0,1,3,1,1,7,7,0,2,1,0,7,4,2
6728,1,5,2,2,0,7,1,0,1,0,1,3,1,2,7,6,0,2,1,0,7,4,0
6729,1,2,3,4,0,2,1,0,1,0,1,1,2,2,6,7,0,2,1,0,7,4,2
6730,1,5,2,2,0,2,1,0,1,0,1,3,1,2,7,7,0,2,1,0,7,4,2
6731,1,5,2,4,0,7,1,0,1,0,1,3,1,2,7,6,0,2,1,0,7,4,2
6732,1,2,2,2,0,8,1,0,1,0,1,3,1,2,7,7,0,2,1,0,7,4,0
6733,1,5,2,2,0,7,1,0,1,0,1,3,2,1,6,6,0,2,1,0,7,4,0
6734,1,2,2,4,0,8,1,0,1,0,1,3,1,1,7,6,0,2,1,0,7,4,2
6735,1,5,3,2,0,7,1,0,1,0,1,3,1,1,7,6,0,2,1,0,7,4,4
6736,1,2,3,2,0,8,1,0,1,0,1,3,1,1,6,6,0,2,1,0,7,4,0
6737,1,5,3,2,0,7,1,0,1,0,1,3,1,1,6,7,0,2,1,0,7,4,4
6738,1,3,3,4,0,8,1,0,1,0,1,3,1,1,7,7,0,2,1,0,7,4,2
6739,1,2,3,4,0,8,1,0,1,0,1,1,2,2,7,7,0,2,1,0,7,4,2
6740,1,5,3,2,0,2,1,0,1,0,1,3,2,2,6,6,0,2,1,0,7,4,2
6741,1,2,2,4,0,8,1,0,1,0,1,1,2,2,7,7,0,2,1,0,7,4,4
6742,1,5,2,2,0,7,1,0,1,0,1,3,1,1,6,7,0,2,1,0,7,4,0
6743,1,2,2,2,0,8,1,0,1,0,1,3,1,2,6,6,0,2,1,0,7,4,0
6744,0,5,0,3,0,5,1,1,0,2,0,1,1,1,7,7,0,2,2,4,7,3,1
6745,1,5,2,2,0,8,1,0,1,0,1,3,2,1,7,7,0,2,1,0,7,4,4
6746,1,2,2,4,0,2,1,0,1,0,1,3,2,1,6,6,0,2,1,0,7,4,2
6747,1,2,2,4,0,7,1,0,1,0,1,1,2,2,6,6,0,2,1,0,7,4,4
6748,1,5,2,2,0,2,1,0,1,0,1,3,2,1,7,7,0,2,1,0,7,4,2
6749,1,5,2,2,0,8,1,0,1,0,1,3,1,2,7,7,0,2,1,0,7,4,2
6750,1,5,2,2,0,7,1,0,1,0,1,3,1,2,7,7,0,2,1,0,7,4,2
6751,1,2,3,2,0,8,1,0,1,0,1,3,1,2,7,7,0,2,1,0,7,4,0
6752,0,0,0,3,0,5,1,1,0,10,0,1,2,2,7,7,0,2,2,4,7,3,1
6753,1,2,3,4,0,7,1,0,1,0,1,3,1,2,7,6,0,2,1,0,7,4,0
6754,1,2,3,2,0,2,1,0,1,0,1,3,2,1,6,6,0,2,1,0,7,4,0
6755,1,2,3,4,0,7,1,0,1,0,1,3,2,2,6,6,0,2,1,0,7,4,0
6756,1,2,2,4,0,2,1,0,1,0,1,3,2,1,6,7,0,2,1,0,7,4,2
6757,1,2,3,4,0,2,1,0,1,0,1,3,2,1,7,6,0,2,1,0,7,4,0
6758,1,5,3,2,0,7,1,0,1,0,1,3,1,2,6,7,0,2,1,0,7,4,0
6759,1,2,3,4,0,7,1,0,1,0,1,1,2,2,7,7,0,2,1,0,7,4,2
6760,1,5,2,4,0,8,1,0,1,0,1,3,2,1,6,6,0,2,1,0,7,4,0
6761,1,2,3,2,0,2,1,0,1,0,1,3,2,2,6,7,0,2,1,0,7,4,0
6762,0,3,0,3,0,5,1,1,0,7,0,1,1,2,7,7,0,2,2,4,7,3,1
6763,0,0,2,4,0,5,0,0,0,11,0,1,2,2,5,5,0,0,1,4,4,1,2
6764,1,2,2,4,0,7,1,0,1,0,1,1,2,2,7,7,0,2,1,0,7,4,2
6765,1,5,2,4,0,7,1,0,1,0,1,3,2,2,6,7,0,2,1,0,7,4,4
6766,1,2,3,4,0,7,1,0,1,0,1,1,2,2,6,6,0,2,1,0,7,4,2
6767,1,2,2,2,0,7,1,0,1,0,1,3,1,2,7,7,0,2,1,0,7,4,2
6768,1,2,3,4,0,8,1,0,1,0,1,1,2,2,6,7,0,2,1,0,7,4,2
6769,1,2,2,4,0,2,1,0,1,0,1,3,2,2,6,6,0,2,1,0,7,4,0
6770,1,2,3,2,0,8,1,0,1,0,1,1,2,2,6,6,0,2,1,0,7,4,4
6771,1,2,3,2,0,2,1,0,1,0,1,3,1,1,6,7,0,2,1,0,7,4,2
6772,1,2,2,4,0,7,1,0,1,0,1,3,1,1,7,6,0,2,1,0,7,4,2
6773,1,5,2,2,0,8,1,0,1,0,1,3,2,1,7,7,0,2,1,0,7,4,0
6774,0,5,0,8,0,5,1,1,0,2,0,1,2,1,7,7,0,2,2,4,7,2,1
6775,1,2,2,4,0,2,1,0,1,0,1,1,2,2,6,6,0,2,1,0,7,4,4
6776,1,5,2,2,0,8,1,0,1,0,1,3,1,2,6,7,0,2,1,0,7,4,2
6777,1,5,2,4,0,8,1,0,1,0,1,3,1,2,6,6,0,2,1,0,7,4,0
6778,1,5,2,4,0,8,1,0,1,0,1,3,1,2,6,6,0,2,1,0,7,4,2
6779,1,5,2,4,0,2,1,0,1,0,1,3,1,1,6,7,0,2,1,0,7,4,0
6780,1,3,3,4,0,8,1,0,1,0,1,3,1,1,6,7,0,2,1,0,7,4,0
6781,1,2,2,4,0,8,1,0,1,0,1,1,1,1,7,6,0,2,1,0,7,4,4
6782,1,5,3,2,0,8,1,0,1,0,1,3,2,2,7,6,0,2,1,0,7,4,4
6783,1,2,2,4,0,8,1,0,1,0,1,1,2,2,6,7,0,2,1,0,7,4,4
6784,1,2,2,4,0,2,1,0,1,0,1,3,2,1,7,7,0,2,1,0,7,4,0
6785,1,5,2,4,0,7,1,0,1,0,1,3,2,1,7,7,0,2,1,0,7,4,2
6786,1,5,2,4,0,2,1,0,1,0,1,1,2,2,6,7,0,2,1,0,7,4,0
6787,1,5,3,2,0,7,1,0,1,0,1,3,2,2,7,7,0,2,1,0,7,4,2
6788,1,2,2,2,0,2,1,0,1,0,1,3,2,2,7,6,0,2,1,0,7,4,0
6789,1,2,2,2,0,7,1,0,1,0,1,3,1,1,7,6,0,2,1,0,7,4,2
6790,1,2,3,4,0,2,1,0,1,0,1,1,2,1,7,6,0,2,1,0,7,4,4
6791,1,5,2,2,0,7,1,0,1,0,1,3,2,1,6,6,0,2,1,0,7,4,2
6792,1,2,2,2,0,7,1,0,1,0,1,3,2,2,7,6,0,2,1,0,7,4,2
6793,1,2,3,2,0,7,1,0,1,0,1,3,2,2,6,6,0,2,1,0,7,4,0
6794,1,2,3,2,0,8,1,0,1,0,1,3,1,1,6,7,0,2,1,0,7,4,2
6795,1,5,3,2,0,7,1,0,1,0,1,3,1,1,7,7,0,2,1,0,7,4,2
6796,1,2,3,4,0,2,1,0,1,0,1,3,1,1,7,7,0,2,1,0,7,4,2
6797,1,2,2,4,0,2,1,0,1,0,1,1,2,2,7,7,0,2,1,0,7,4,2
6798,1,2,2,4,0,8,1,0,1,0,1,1,1,2,6,6,0,2,1,0,7,4,4
6799,1,3,3,2,0,2,1,0,1,0,1,3,1,1,7,7,0,2,1,0,7,4,2
6800,1,2,2,2,0,8,1,0,1,0,1,3,2,2,7,7,0,2,1,0,7,4,2
6801,1,5,2,2,0,7,1,0,1,0,1,3,1,2,6,6,0,2,1,0,7,4,4
6802,1,5,3,2,0,8,1,0,1,0,1,3,2,1,7,7,0,2,1,0,7,4,4
6803,1,2,3,2,0,2,1,0,1,0,1,1,2,1,7,7,0,2,1,0,7,4,2
6804,1,5,3,2,0,7,1,0,1,0,1,3,1,1,7,7,0,2,1,0,7,4,0
6805,1,2,3,2,0,2,1,0,1,0,1,1,2,2,7,6,0,2,1,0,7,4,2
6806,1,2,3,4,0,8,1,0,1,0,1,3,1,1,6,6,0,2,1,0,7,4,0
6807,1,2,3,2,0,8,1,0,1,0,1,1,2,1,6,6,0,2,1,0,7,4,2
6808,1,5,3,2,0,7,1,0,1,0,1,3,2,2,7,7,0,2,1,0,7,4,4
6809,1,5,2,2,0,8,1,0,1,0,1,3,2,1,6,7,0,2,1,0,7,4,0
6810,1,2,2,2,0,2,1,0,1,0,1,3,1,2,6,7,0,2,1,0,7,4,2
6811,1,2,2,2,0,2,1,0,1,0,1,1,1,1,6,7,0,2,1,0,7,4,4
6812,1,5,2,2,0,2,1,0,1,0,1,3,2,2,7,7,0,2,1,0,7,4,4
6813,1,2,2,2,0,8,1,0,1,0,1,1,1,1,7,7,0,2,1,0,7,4,4
6814,1,2,2,2,0,7,1,0,1,0,1,1,2,2,7,7,0,2,1,0,7,4,4
6815,1,2,2,4,0,8,1,0,1,0,1,3,1,1,6,7,0,2,1,0,7,4,2
6816,1,2,3,2,0,2,1,0,1,0,1,3,1,1,6,6,0,2,1,0,7,4,0
6817,1,2,3,4,0,7,1,0,1,0,1,1,1,1,6,7,0,2,1,0,7,4,4
6818,1,3,2,2,0,2,1,0,1,0,1,3,1,1,7,6,0,2,1,0,7,4,2
6819,1,2,2,4,0,8,1,0,1,0,1,3,1,1,6,7,0,2,1,0,7,4,0
6820,1,2,3,4,0,8,1,0,1,0,1,1,2,2,6,6,0,2,1,0,7,4,4
6821,1,2,2,2,0,7,1,0,1,0,1,3,1,2,6,6,0,2,1,0,7,4,2
6822,1,2,3,2,0,8,1,0,1,0,1,1,2,2,7,6,0,2,1,0,7,4,2
6823,1,5,2,4,0,8,1,0,1,0,1,3,2,2,6,6,0,2,1,0,7,4,4
6824,1,3,3,4,0,8,1,0,1,0,1,1,1,1,6,6,0,2,1,0,7,4,4
6825,1,5,3,2,0,7,1,0,1,0,1,3,1,1,7,6,0,2,1,0,7,4,0
6826,1,5,2,2,0,2,1,0,1,0,1,3,2,2,7,6,0,2,1,0,7,4,2
6827,0,5,2,3,0,5,1,1,0,10,0,1,1,2,7,7,0,2,2,4,7,2,1
6828,1,3,3,4,0,8,1,0,1,0,1,3,1,2,6,7,0,2,1,0,7,4,0
6829,1,5,2,4,0,8,1,0,1,0,1,3,1,2,7,6,0,2,1,0,7,4,4
6830,1,2,2,4,0,7,1,0,1,0,1,1,2,1,7,6,0,2,1,0,7,4,4
6831,1,2,2,4,0,7,1,0,1,0,1,1,2,2,7,6,0,2,1,0,7,4,4
6832,1,5,2,2,0,7,1,0,1,0,1,3,1,1,7,7,0,2,1,0,7,4,4
6833,1,2,2,2,0,2,1,0,1,0,1,3,2,1,6,7,0,2,1,0,7,4,2
6834,1,2,3,2,0,2,1,0,1,0,1,3,1,1,7,7,0,2,1,0,7,4,2
6835,1,2,3,2,0,2,1,0,1,0,1,1,1,1,7,6,0,2,1,0,7,4,4
6836,1,2,2,4,0,2,1,0,1,0,1,3,1,2,7,7,0,2,1,0,7,4,2
6837,1,2,2,2,0,2,1,0,1,0,1,1,2,2,6,7,0,2,1,0,7,4,4
6838,1,5,2,4,0,2,1,0,1,0,1,3,1,2,7,6,0,2,1,0,7,4,4
6839,1,2,2,2,0,2,1,0,1,0,1,3,1,1,6,6,0,2,1,0,7,4,2
6840,1,5,2,2,0,7,1,0,1,0,1,3,2,2,7,7,0,2,1,0,7,4,4
6841,1,2,2,2,0,8,1,0,1,0,1,3,2,2,7,6,0,2,1,0,7,4,0
6842,1,2,3,2,0,2,1,0,1,0,1,1,1,2,7,7,0,2,1,0,7,4,4
6843,1,3,3,2,0,7,1,0,1,0,1,1,2,2,6,7,0,2,1,0,7,4,4
6844,1,2,2,4,0,7,1,0,1,0,1,1,2,2,7,7,0,2,1,0,7,4,4
6845,1,3,3,2,0,7,1,0,1,0,1,3,1,2,7,7,0,2,1,0,7,4,0
6846,1,2,2,2,0,8,1,0,1,0,1,3,1,1,6,7,0,2,1,0,7,4,2
6847,1,2,3,2,0,7,1,0,1,0,1,1,2,1,7,7,0,2,1,0,7,4,2
6848,1,2,2,2,0,2,1,0,1,0,1,3,1,1,6,7,0,2,1,0,7,4,2
6849,0,0,2,4,0,5,0,0,0,5,0,3,2,2,5,5,0,1,1,4,4,1,2
6850,1,5,2,4,0,2,1,0,1,0,1,3,2,1,7,7,0,2,1,0,7,4,0
6851,1,2,3,2,0,7,1,0,1,0,1,1,1,2,6,7,0,2,1,0,7,4,2
6852,1,2,3,4,0,7,1,0,1,0,1,3,1,1,7,6,0,2,1,0,7,4,0
6853,1,2,2,2,0,2,1,0,1,0,1,3,1,1,6,7,0,2,1,0,7,4,0
6854,1,2,3,4,0,2,1,0,1,0,1,1,1,1,7,7,0,2,1,0,7,4,4
6856,1,5,2,2,0,2,1,0,1,0,1,3,1,1,7,7,0,2,1,0,7,4,4
6857,1,2,2,2,0,7,1,0,1,0,1,3,1,1,7,7,0,2,1,0,7,4,2
6858,1,3,3,4,0,8,1,0,1,0,1,3,1,2,7,6,0,2,1,0,7,4,0
6859,1,2,2,2,0,2,1,0,1,0,1,1,2,2,7,6,0,2,1,0,7,4,4
6860,0,3,2,8,0,5,1,1,0,2,0,1,1,1,7,7,0,2,2,4,7,3,1
6861,1,2,3,4,0,8,1,0,1,0,1,3,1,2,6,6,0,2,1,0,7,4,2
6862,1,2,3,4,0,8,1,0,1,0,1,3,2,1,6,7,0,2,1,0,7,4,0
6863,1,2,3,4,0,8,1,0,1,0,1,1,2,2,6,7,0,2,1,0,7,4,4
6864,1,2,2,4,0,7,1,0,1,0,1,3,1,1,7,6,0,2,1,0,7,4,0
6865,1,2,2,4,0,8,1,0,1,0,1,1,2,2,7,7,0,2,1,0,7,4,2
6866,1,2,3,2,0,8,1,0,1,0,1,1,1,1,6,7,0,2,1,0,7,4,4
6867,1,5,2,2,0,2,1,0,1,0,1,1,1,2,7,6,0,2,1,0,7,4,0
6868,1,2,3,4,0,2,1,0,1,0,1,1,1,2,6,6,0,2,1,0,7,4,4
6869,1,5,2,4,0,2,1,0,1,0,1,3,2,1,6,6,0,2,1,0,7,4,4
6870,1,5,2,2,0,2,1,0,1,0,1,3,2,1,6,6,0,2,1,0,7,4,2
6871,1,5,2,2,0,8,1,0,1,0,1,3,2,1,7,7,0,2,1,0,7,4,2
6872,1,2,3,2,0,8,1,0,1,0,1,3,1,1,7,6,0,2,1,0,7,4,0
6873,1,5,2,4,0,8,1,0,1,0,1,3,1,2,6,7,0,2,1,0,7,4,0
6874,1,5,2,2,0,7,1,0,1,0,1,3,2,2,7,6,0,2,1,0,7,4,4
6875,1,2,2,4,0,2,1,0,1,0,1,3,1,2,6,7,0,2,1,0,7,4,2
6876,1,5,2,4,0,8,1,0,1,0,1,3,1,1,6,7,0,2,1,0,7,4,2
6877,1,2,3,2,0,8,1,0,1,0,1,3,1,2,7,6,0,2,1,0,7,4,0
6878,1,5,2,4,0,2,1,0,1,0,1,3,1,1,7,6,0,2,1,0,7,4,0
6879,1,2,3,2,0,2,1,0,1,0,1,3,1,1,6,6,0,2,1,0,7,4,2
6880,1,2,2,2,0,2,1,0,1,0,1,1,1,2,7,7,0,2,1,0,7,4,4
6881,1,2,3,4,0,2,1,0,1,0,1,3,1,1,6,6,0,2,1,0,7,4,2
6882,1,2,3,4,0,8,1,0,1,0,1,3,2,2,7,7,0,2,1,0,7,4,0
6883,1,5,3,2,0,2,1,0,1,0,1,3,1,1,6,7,0,2,1,0,7,4,0
6884,0,3,0,3,0,5,1,1,0,10,0,1,1,1,7,7,0,2,2,4,7,2,1
6885,1,5,2,2,0,8,1,0,1,0,1,3,2,1,6,6,0,2,1,0,7,4,0
6886,1,3,3,4,0,8,1,0,1,0,1,3,2,1,6,6,0,2,1,0,7,4,0
6887,1,3,3,4,0,7,1,0,1,0,1,3,2,1,7,7,0,2,1,0,7,4,0
6888,1,5,3,2,0,7,1,0,1,0,1,3,2,2,6,6,0,2,1,0,7,4,4
6889,1,2,2,2,0,2,1,0,1,0,1,3,1,2,7,6,0,2,1,0,7,4,2
6890,1,2,2,4,0,7,1,0,1,0,1,3,1,2,6,6,0,2,1,0,7,4,2
6891,1,2,2,2,0,7,1,0,1,0,1,1,2,1,7,7,0,2,1,0,7,4,4
6892,1,5,2,2,0,2,1,0,1,0,1,3,1,2,7,7,0,2,1,0,7,4,4
6893,1,2,2,4,0,7,1,0,1,0,1,3,2,2,6,7,0,2,1,0,7,4,0
6894,1,2,3,2,0,7,1,0,1,0,1,1,2,1,6,6,0,2,1,0,7,4,4
6895,1,5,2,4,0,7,1,0,1,0,1,3,2,1,6,7,0,2,1,0,7,4,2
6896,1,5,3,2,0,2,1,0,1,0,1,1,2,1,6,6,0,2,1,0,7,4,4
6897,1,2,2,2,0,8,1,0,1,0,1,1,1,2,6,6,0,2,1,0,7,4,4
6898,1,5,2,4,0,8,1,0,1,0,1,3,1,1,6,6,0,2,1,0,7,4,0
6899,1,2,2,4,0,2,1,0,1,0,1,1,1,2,6,7,0,2,1,0,7,4,4
6900,0,5,2,4,0,5,0,0,0,5,0,1,2,2,5,5,0,1,1,4,8,4,2
6901,1,3,2,4,0,8,1,0,1,0,1,3,1,1,7,6,0,2,1,0,7,4,4
6902,1,2,2,4,0,8,1,0,1,0,1,1,2,2,6,7,0,2,1,0,7,4,2
6903,1,3,3,2,0,2,1,0,1,0,1,1,1,2,7,7,0,2,1,0,7,4,4
6905,0,0,2,4,0,5,0,0,0,5,0,1,2,2,5,5,0,0,1,4,8,1,2
6906,0,3,2,3,0,5,1,1,0,10,0,1,2,1,7,7,0,2,2,4,7,2,1
6907,0,5,0,3,0,5,1,1,0,2,0,1,2,1,7,7,0,2,2,4,7,3,1
6908,1,5,2,4,0,7,1,0,1,0,1,3,2,1,7,6,0,2,1,0,7,4,0
6909,1,3,3,2,0,2,1,0,1,0,1,1,2,2,7,7,0,2,1,0,7,4,4
6910,0,5,2,4,0,5,0,0,0,6,0,3,2,2,5,5,0,0,1,4,4,1,2
6911,1,3,2,2,0,7,1,0,1,0,1,3,1,1,7,7,0,2,1,0,7,4,0
6913,1,5,2,2,0,2,1,0,1,0,1,1,1,2,7,7,0,2,1,0,7,4,0
6914,0,0,2,3,0,5,1,1,0,2,0,1,1,1,7,7,0,2,2,4,7,2,1
6915,1,3,3,2,0,2,1,0,1,0,1,1,2,1,7,6,0,2,1,0,7,4,4
6916,1,3,2,2,0,7,1,0,1,0,1,1,2,1,6,6,0,2,1,0,7,4,4
6917,1,2,2,2,0,7,1,0,1,0,1,3,1,1,7,7,0,2,1,0,7,4,0
6918,1,2,3,4,0,8,1,0,1,0,1,1,1,2,6,7,0,2,1,0,7,4,4
6919,1,2,2,2,0,7,1,0,1,0,1,3,1,1,7,6,0,2,1,0,7,4,0
6920,0,3,0,3,0,5,1,1,0,10,0,1,2,1,7,7,0,2,2,4,7,3,1
6921,1,3,2,4,0,7,1,0,1,0,1,1,2,2,7,7,0,2,1,0,7,4,4
6922,1,3,2,2,0,8,1,0,1,0,1,3,1,2,6,6,0,2,1,0,7,4,0
6923,1,2,2,2,0,2,1,0,1,0,1,3,1,2,7,7,0,2,1,0,7,4,2
6924,0,0,0,3,0,5,1,1,0,7,0,1,1,1,7,7,0,2,2,4,7,2,1
6925,1,2,3,4,0,7,1,0,1,0,1,3,1,1,7,7,0,2,1,0,7,4,0
6926,1,2,2,4,0,8,1,0,1,0,1,1,2,2,7,6,0,2,1,0,7,4,4
6927,0,2,2,4,0,5,0,0,0,6,0,3,2,2,5,5,0,0,1,4,3,1,2
6929,1,2,2,4,0,8,1,0,1,0,1,3,1,1,7,6,0,2,1,0,7,4,0
6930,1,3,3,2,0,8,1,0,1,0,1,3,1,1,7,6,0,2,1,0,7,4,2
6931,1,2,2,4,0,7,1,0,1,0,1,1,2,2,7,6,0,2,1,0,7,4,2
6932,0,0,2,8,0,5,1,1,0,10,0,1,2,1,7,7,0,2,2,4,7,2,1
6933,1,5,3,2,0,2,1,0,1,0,1,3,1,1,6,7,0,2,1,0,7,4,4
6934,1,2,3,2,0,8,1,0,1,0,1,1,1,2,6,6,0,2,1,0,7,4,2
6935,1,2,2,2,0,8,1,0,1,0,1,3,1,2,7,6,0,2,1,0,7,4,2
6936,1,3,3,4,0,2,1,0,1,0,1,3,2,2,6,7,0,2,1,0,7,4,0
6937,0,5,0,8,0,5,1,1,0,7,0,1,2,2,7,7,0,2,2,4,7,3,1
6938,0,0,2,8,0,5,1,1,0,7,0,1,2,2,7,7,0,2,2,4,7,2,1
6939,1,3,2,2,0,8,1,0,1,0,1,3,1,1,7,7,0,2,1,0,7,4,2
6940,1,2,3,4,0,8,1,0,1,0,1,3,2,1,7,7,0,2,1,0,7,4,2
6942,1,3,2,4,0,7,1,0,1,0,1,3,2,2,6,6,0,2,1,0,7,4,0
6943,1,3,2,4,0,8,1,0,1,0,1,3,2,1,7,6,0,2,1,0,7,4,2
6944,1,2,3,4,0,7,1,0,1,0,1,3,2,1,7,6,0,2,1,0,7,4,2
6946,1,5,2,2,0,2,1,0,1,0,1,1,2,1,7,6,0,2,1,0,7,4,0
6947,1,3,3,2,0,7,1,0,1,0,1,1,2,2,6,6,0,2,1,0,7,4,4
6948,1,5,2,4,0,7,1,0,1,0,1,3,2,1,6,6,0,2,1,0,7,4,2
6949,1,3,2,2,0,2,1,0,1,0,1,3,1,1,7,7,0,2,1,0,7,4,2
6950,1,3,3,4,0,2,1,0,1,0,1,1,2,1,7,6,0,2,1,0,7,4,2
6951,1,2,3,2,0,2,1,0,1,0,1,1,2,2,7,7,0,2,1,0,7,4,4
6952,0,5,0,8,0,5,1,1,0,10,0,1,2,2,7,7,0,2,2,4,7,3,1
6953,1,3,2,4,0,7,1,0,1,0,1,3,1,2,7,7,0,2,1,0,7,4,0
6954,1,2,2,4,0,2,1,0,1,0,1,1,2,1,6,6,0,2,1,0,7,4,4
6955,1,3,2,2,0,8,1,0,1,0,1,3,2,1,6,6,0,2,1,0,7,4,0
6956,1,3,2,2,0,7,1,0,1,0,1,3,1,1,7,7,0,2,1,0,7,4,2
6957,1,3,3,4,0,7,1,0,1,0,1,1,2,2,6,6,0,2,1,0,7,4,2
6958,0,3,0,8,0,5,1,1,0,2,0,1,2,2,7,7,0,2,2,4,7,3,1
6959,1,3,2,4,0,2,1,0,1,0,1,1,2,2,6,6,0,2,1,0,7,4,4
6960,1,3,3,4,0,7,1,0,1,0,1,3,1,2,6,6,0,2,1,0,7,4,2
6961,1,3,2,4,0,7,1,0,1,0,1,3,1,1,7,7,0,2,1,0,7,4,2
6962,1,3,2,2,0,7,1,0,1,0,1,3,2,2,7,7,0,2,1,0,7,4,0
6963,1,5,2,4,0,8,1,0,1,0,1,3,1,1,7,6,0,2,1,0,7,4,2
6964,1,5,3,2,0,7,1,0,1,0,1,3,2,2,6,6,0,2,1,0,7,4,2
6965,1,2,2,2,0,8,1,0,1,0,1,1,1,1,6,7,0,2,1,0,7,4,4
6966,1,3,3,4,0,2,1,0,1,0,1,3,2,2,6,6,0,2,1,0,7,4,0
6968,1,2,2,4,0,2,1,0,1,0,1,1,2,2,6,7,0,2,1,0,7,4,4
6969,1,3,3,2,0,2,1,0,1,0,1,3,1,1,6,7,0,2,1,0,7,4,0
6971,1,2,2,4,0,2,1,0,1,0,1,3,1,1,7,6,0,2,1,0,7,4,0
6972,1,3,2,4,0,8,1,0,1,0,1,1,2,2,7,7,0,2,1,0,7,4,2
6973,1,2,3,4,0,7,1,0,1,0,1,1,1,1,7,7,0,2,1,0,7,4,4
6974,1,5,2,4,0,7,1,0,1,0,1,3,2,2,6,6,0,2,1,0,7,4,4
6975,0,3,0,8,0,5,1,1,0,10,0,1,2,2,7,7,0,2,2,4,7,3,1
6976,1,2,3,2,0,2,1,0,1,0,1,3,1,1,7,7,0,2,1,0,7,4,0
6977,1,5,2,2,0,8,1,0,1,0,1,3,2,1,6,7,0,2,1,0,7,4,4
6978,1,5,2,4,0,2,1,0,1,0,1,3,1,2,7,7,0,2,1,0,7,4,2
6979,1,2,2,4,0,2,1,0,1,0,1,1,1,2,7,7,0,2,1,0,7,4,4
6980,1,3,2,4,0,8,1,0,1,0,1,3,1,1,7,7,0,2,1,0,7,4,2
6981,1,3,2,2,0,2,1,0,1,0,1,1,1,2,7,7,0,2,1,0,7,4,4
6982,1,3,2,2,0,7,1,0,1,0,1,3,1,2,6,7,0,2,1,0,7,4,2
6983,1,5,2,2,0,2,1,0,1,0,1,3,1,1,7,6,0,2,1,0,7,4,0
6985,1,3,2,2,0,8,1,0,1,0,1,1,1,2,6,7,0,2,1,0,7,4,4
6986,1,5,2,4,0,2,1,0,1,0,1,3,2,2,7,7,0,2,1,0,7,4,4
6987,1,5,3,2,0,2,1,0,1,0,1,3,1,1,7,7,0,2,1,0,7,4,4
6988,1,2,2,2,0,7,1,0,1,0,1,3,2,2,6,6,0,2,1,0,7,4,2
6989,0,0,2,4,0,5,0,0,0,5,0,3,2,2,5,5,0,0,1,4,3,1,2
6990,0,3,2,3,0,5,1,1,0,7,0,1,1,1,7,7,0,2,2,4,7,2,1
6992,1,3,3,2,0,8,1,0,1,0,1,3,1,2,7,6,0,2,1,0,7,4,2
6993,1,2,2,2,0,8,1,0,1,0,1,3,1,1,6,6,0,2,1,0,7,4,0
6994,0,3,2,4,0,5,0,0,0,11,0,3,2,2,5,5,0,1,1,4,4,1,2
6995,1,2,3,2,0,7,1,0,1,0,1,3,1,2,6,7,0,2,1,0,7,4,0
6996,1,3,3,2,0,7,1,0,1,0,1,3,2,1,7,6,0,2,1,0,7,4,0
6997,0,3,0,8,0,5,1,1,0,7,0,1,1,2,7,7,0,2,2,4,7,3,1
6998,0,5,2,3,0,5,1,1,0,10,0,1,2,1,7,7,0,2,2,4,7,3,1
6999,0,3,2,4,0,5,0,0,0,11,0,1,2,2,5,5,0,1,1,4,4,4,2
7000,1,3,3,2,0,7,1,0,1,0,1,3,2,2,7,7,0,2,1,0,7,4,0
7001,1,3,3,4,0,7,1,0,1,0,1,3,1,2,7,6,0,2,1,0,7,4,2
7002,1,3,2,2,0,7,1,0,1,0,1,1,1,2,7,7,0,2,1,0,7,4,4
7003,0,5,2,8,0,5,1,1,0,10,0,1,1,1,7,7,0,2,2,4,7,3,1
7004,0,3,2,8,0,5,1,1,0,2,0,1,1,1,7,7,0,2,2,4,7,2,1
7005,0,3,2,8,0,5,1,1,0,7,0,1,1,2,7,7,0,2,2,4,7,3,1
7006,1,3,2,2,0,2,1,0,1,0,1,3,1,2,6,7,0,2,1,0,7,4,2
7007,1,5,2,2,0,7,1,0,1,0,1,3,2,2,6,7,0,2,1,0,7,4,4
7008,0,3,2,3,0,5,1,1,0,10,0,1,2,1,7,7,0,2,2,4,7,3,1
7009,0,5,0,8,0,5,1,1,0,2,0,1,2,1,7,7,0,2,2,4,7,3,1
7010,1,3,3,2,0,2,1,0,1,0,1,1,2,1,7,7,0,2,1,0,7,4,0
7011,0,0,2,8,0,5,1,1,0,2,0,1,2,2,7,7,0,2,2,4,7,3,1
7012,1,3,2,2,0,7,1,0,1,0,1,1,2,2,7,6,0,2,1,0,7,4,4
7013,1,2,2,4,0,2,1,0,1,0,1,1,2,1,7,7,0,2,1,0,7,4,4
7014,1,2,3,4,0,2,1,0,1,0,1,3,2,1,6,6,0,2,1,0,7,4,0
7015,0,3,2,3,0,5,1,1,0,7,0,1,2,1,7,7,0,2,2,4,7,3,1
7016,0,5,2,8,0,5,1,1,0,10,0,1,2,2,7,7,0,2,2,4,7,2,1
7017,1,2,3,2,0,8,1,0,1,0,1,1,2,2,7,6,0,2,1,0,7,4,4
7018,1,5,2,2,0,2,1,0,1,0,1,1,2,2,7,7,0,2,1,0,7,4,0
7019,0,5,0,8,0,5,1,1,0,2,0,1,1,1,7,7,0,2,2,4,7,3,1
7020,0,3,0,8,0,5,1,1,0,2,0,1,1,1,7,7,0,2,2,4,7,2,1
7021,1,2,2,2,0,7,1,0,1,0,1,3,1,1,6,7,0,2,1,0,7,4,0
7023,1,3,2,2,0,8,1,0,1,0,1,3,1,2,7,6,0,2,1,0,7,4,0
7024,1,5,2,4,0,8,1,0,1,0,1,3,2,1,7,6,0,2,1,0,7,4,4
7025,0,3,2,4,0,5,0,0,0,11,0,3,2,2,5,5,0,0,1,4,0,1,2
7026,0,5,2,4,0,5,0,0,0,5,0,3,2,2,5,5,0,1,1,4,3,1,2
7027,1,3,3,2,0,7,1,0,1,0,1,3,1,2,7,7,0,2,1,0,7,4,2
7028,1,5,2,2,0,8,1,0,1,0,1,3,1,2,6,7,0,2,1,0,7,4,0
7029,1,5,2,4,0,7,1,0,1,0,1,3,1,2,7,6,0,2,1,0,7,4,0
7030,1,3,2,2,0,8,1,0,1,0,1,3,1,1,7,7,0,2,1,0,7,4,0
7031,1,5,2,4,0,8,1,0,1,0,1,3,2,1,7,7,0,2,1,0,7,4,2
7032,0,3,0,8,0,5,1,1,0,2,0,1,1,2,7,7,0,2,2,4,7,2,1
7033,0,3,2,4,0,5,0,0,0,6,0,3,2,2,5,5,0,0,1,4,3,1,2
7035,0,5,0,3,0,5,1,1,0,2,0,1,2,2,7,7,0,2,2,4,7,3,1
7036,0,5,2,4,0,5,0,0,0,5,0,1,2,2,5,5,0,1,1,4,4,4,2
7037,0,5,2,4,0,5,0,0,0,11,0,1,2,2,5,5,0,1,1,4,0,4,2
7038,1,3,3,2,0,7,1,0,1,0,1,1,1,2,7,6,0,2,1,0,7,4,4
7039,0,3,0,8,0,5,1,1,0,7,0,1,2,2,7,7,0,2,2,4,7,2,1
7040,0,5,0,3,0,5,1,1,0,2,0,1,1,2,7,7,0,2,2,4,7,3,1
7041,0,2,2,4,0,5,0,0,0,6,0,1,2,2,5,5,0,1,1,4,3,4,2
7042,1,3,3,4,0,8,1,0,1,0,1,3,1,1,7,6,0,2,1,0,7,4,0
7043,1,3,3,4,0,7,1,0,1,0,1,3,1,2,6,7,0,2,1,0,7,4,2
7044,1,2,3,4,0,7,1,0,1,0,1,3,1,2,7,7,0,2,1,0,7,4,0
7045,1,2,3,2,0,8,1,0,1,0,1,1,1,2,7,6,0,2,1,0,7,4,4
7046,0,3,0,3,0,5,1,1,0,7,0,1,2,1,7,7,0,2,2,4,7,2,1
7047,1,2,3,2,0,7,1,0,1,0,1,3,1,1,7,6,0,2,1,0,7,4,0
7048,1,2,3,4,0,7,1,0,1,0,1,1,1,2,7,6,0,2,1,0,7,4,4
7049,1,3,2,2,0,7,1,0,1,0,1,3,1,2,6,6,0,2,1,0,7,4,2
7050,0,3,2,3,0,5,1,1,0,10,0,1,1,1,7,7,0,2,2,4,7,3,1
7051,0,0,2,4,0,5,0,0,0,11,0,1,2,2,5,5,0,0,1,4,8,1,2
7052,1,3,3,4,0,2,1,0,1,0,1,3,1,1,7,7,0,2,1,0,7,4,2
7053,1,5,2,4,0,7,1,0,1,0,1,3,1,2,6,6,0,2,1,0,7,4,4
7054,0,0,2,4,0,5,0,0,0,6,0,1,2,2,5,5,0,0,1,4,4,4,2
7055,1,3,2,4,0,8,1,0,1,0,1,3,1,2,7,7,0,2,1,0,7,4,0
7056,1,3,2,4,0,8,1,0,1,0,1,3,1,1,6,7,0,2,1,0,7,4,4
7057,1,3,2,2,0,7,1,0,1,0,1,3,2,1,7,7,0,2,1,0,7,4,2
7058,1,2,2,2,0,7,1,0,1,0,1,1,2,2,7,6,0,2,1,0,7,4,4
7059,1,5,2,2,0,7,1,0,1,0,1,3,2,2,6,6,0,2,1,0,7,4,4
7060,1,5,2,2,0,8,1,0,1,0,1,3,2,2,7,7,0,2,1,0,7,4,0
7061,1,5,2,4,0,7,1,0,1,0,1,3,2,2,6,7,0,2,1,0,7,4,0
7062,1,3,3,4,0,8,1,0,1,0,1,3,2,1,7,7,0,2,1,0,7,4,0
7064,1,2,2,2,0,8,1,0,1,0,1,3,2,1,7,6,0,2,1,0,7,4,0
7066,1,3,2,4,0,2,1,0,1,0,1,1,2,2,7,7,0,2,1,0,7,4,2
7067,0,3,2,3,0,5,1,1,0,2,0,1,1,1,7,7,0,2,2,4,7,3,1
7068,1,3,2,4,0,2,1,0,1,0,1,3,1,2,6,7,0,2,1,0,7,4,0
7069,1,2,3,4,0,8,1,0,1,0,1,1,1,1,6,7,0,2,1,0,7,4,4
7070,1,3,2,4,0,7,1,0,1,0,1,3,2,1,6,7,0,2,1,0,7,4,4
7071,1,3,3,2,0,8,1,0,1,0,1,3,2,1,6,7,0,2,1,0,7,4,0
7072,1,2,3,2,0,2,1,0,1,0,1,3,1,2,6,7,0,2,1,0,7,4,0
7074,1,2,3,4,0,2,1,0,1,0,1,3,2,1,6,7,0,2,1,0,7,4,2
7075,1,3,2,2,0,2,1,0,1,0,1,3,2,1,7,6,0,2,1,0,7,4,0
7076,1,5,2,2,0,8,1,0,1,0,1,3,1,2,6,6,0,2,1,0,7,4,2
7077,1,2,3,2,0,8,1,0,1,0,1,3,1,1,6,6,0,2,1,0,7,4,2
7078,1,5,2,4,0,2,1,0,1,0,1,3,2,2,6,7,0,2,1,0,7,4,4
7079,0,2,2,4,0,5,0,0,0,11,0,3,2,2,5,5,0,0,1,4,3,1,2
7080,1,2,2,2,0,7,1,0,1,0,1,3,2,1,6,6,0,2,1,0,7,4,0
7081,1,5,3,2,0,7,1,0,1,0,1,3,2,1,6,7,0,2,1,0,7,4,4
7082,1,5,3,2,0,2,1,0,1,0,1,1,2,1,7,7,0,2,1,0,7,4,0
7083,1,5,2,2,0,7,1,0,1,0,1,3,1,1,6,6,0,2,1,0,7,4,4
7084,1,3,2,2,0,2,1,0,1,0,1,3,1,1,6,6,0,2,1,0,7,4,2
7085,1,5,2,2,0,8,1,0,1,0,1,3,2,2,7,6,0,2,1,0,7,4,2
7086,0,0,0,3,0,5,1,1,0,10,0,1,1,2,7,7,0,2,2,4,7,3,1
7087,1,3,3,2,0,7,1,0,1,0,1,1,1,2,6,7,0,2,1,0,7,4,4
7088,1,3,2,2,0,7,1,0,1,0,1,3,2,1,6,7,0,2,1,0,7,4,2
7089,0,3,0,3,0,5,1,1,0,2,0,1,2,2,7,7,0,2,2,4,7,2,1
7090,0,2,2,4,0,5,0,0,0,5,0,1,2,2,5,5,0,0,1,4,3,4,2
7092,1,3,2,2,0,7,1,0,1,0,1,3,2,1,7,6,0,2,1,0,7,4,0
7093,1,2,2,4,0,2,1,0,1,0,1,3,1,1,7,7,0,2,1,0,7,4,2
7094,1,3,3,4,0,2,1,0,1,0,1,1,1,1,7,6,0,2,1,0,7,4,4
7095,1,3,2,2,0,8,1,0,1,0,1,3,2,2,7,6,0,2,1,0,7,4,2
7096,1,3,3,4,0,8,1,0,1,0,1,1,2,2,7,7,0,2,1,0,7,4,4
7097,1,3,3,4,0,8,1,0,1,0,1,1,2,1,7,6,0,2,1,0,7,4,2
7098,0,5,0,3,0,5,1,1,0,2,0,1,1,1,7,7,0,2,2,4,7,2,1
7099,1,3,3,2,0,2,1,0,1,0,1,1,1,1,7,6,0,2,1,0,7,4,4
7101,1,3,3,2,0,7,1,0,1,0,1,1,1,1,7,6,0,2,1,0,7,4,4
7102,1,3,3,2,0,7,1,0,1,0,1,3,1,1,6,7,0,2,1,0,7,4,2
7103,0,0,2,8,0,5,1,1,0,7,0,1,2,1,7,7,0,2,2,4,7,3,1
7104,1,3,2,4,0,8,1,0,1,0,1,3,1,1,6,7,0,2,1,0,7,4,0
7105,1,5,2,2,0,8,1,0,1,0,1,3,2,1,6,6,0,2,1,0,7,4,4
7106,1,2,3,4,0,2,1,0,1,0,1,3,1,2,6,7,0,2,1,0,7,4,2
7107,1,2,2,2,0,8,1,0,1,0,1,1,1,1,6,6,0,2,1,0,7,4,4
7108,1,3,3,2,0,2,1,0,1,0,1,1,2,1,6,7,0,2,1,0,7,4,0
7109,1,3,3,2,0,2,1,0,1,0,1,3,1,2,7,6,0,2,1,0,7,4,0
7110,0,0,0,8,0,5,1,1,0,10,0,1,2,2,7,7,0,2,2,4,7,2,1
7112,1,2,3,2,0,8,1,0,1,0,1,3,1,2,6,7,0,2,1,0,7,4,0
7113,1,3,2,4,0,2,1,0,1,0,1,3,2,1,7,6,0,2,1,0,7,4,4
7114,1,3,3,4,0,2,1,0,1,0,1,1,1,2,7,6,0,2,1,0,7,4,4
7115,1,5,2,2,0,7,1,0,1,0,1,3,1,1,7,7,0,2,1,0,7,4,2
7117,1,2,2,4,0,8,1,0,1,0,1,3,1,2,6,7,0,2,1,0,7,4,0
7118,1,3,3,2,0,8,1,0,1,0,1,1,1,2,7,7,0,2,1,0,7,4,4
7119,0,3,0,8,0,5,1,1,0,10,0,1,1,1,7,7,0,2,2,4,7,2,1
7120,1,5,2,4,0,7,1,0,1,0,1,3,1,2,6,6,0,2,1,0,7,4,0
7121,1,3,3,4,0,8,1,0,1,0,1,3,2,2,6,7,0,2,1,0,7,4,0
7122,1,5,2,2,0,7,1,0,1,0,1,3,2,2,6,7,0,2,1,0,7,4,0
7123,0,3,2,8,0,5,1,1,0,10,0,1,2,1,7,7,0,2,2,4,7,2,1
7124,1,2,3,4,0,7,1,0,1,0,1,1,2,2,7,6,0,2,1,0,7,4,4
7125,1,3,2,2,0,7,1,0,1,0,1,3,1,1,7,6,0,2,1,0,7,4,4
7126,1,3,2,2,0,8,1,0,1,0,1,3,1,1,7,7,0,2,1,0,7,4,4
7127,1,2,3,2,0,2,1,0,1,0,1,1,2,1,6,6,0,2,1,0,7,4,2
7128,0,2,2,4,0,5,0,0,0,5,0,1,2,2,5,5,0,0,1,4,8,4,2
7129,1,2,3,4,0,8,1,0,1,0,1,3,1,1,6,7,0,2,1,0,7,4,0
7130,1,3,3,2,0,8,1,0,1,0,1,3,2,2,6,7,0,2,1,0,7,4,0
7131,1,3,2,2,0,8,1,0,1,0,1,3,2,1,7,7,0,2,1,0,7,4,0
7132,1,3,2,2,0,2,1,0,1,0,1,3,2,1,6,7,0,2,1,0,7,4,2
7133,0,0,2,4,0,5,0,0,0,6,0,1,2,2,5,5,0,1,1,4,0,4,2
7134,0,3,2,3,0,5,1,1,0,7,0,1,1,1,7,7,0,2,2,4,7,3,1
7135,0,5,2,4,0,5,0,0,0,5,0,1,2,2,5,5,0,1,1,4,3,4,2
7136,0,5,0,3,0,5,1,1,0,7,0,1,1,1,7,7,0,2,2,4,7,2,1
7137,1,3,2,2,0,8,1,0,1,0,1,3,2,2,7,6,0,2,1,0,7,4,0
7138,1,2,3,2,0,2,1,0,1,0,1,3,2,1,7,6,0,2,1,0,7,4,0
7139,1,3,2,4,0,7,1,0,1,0,1,3,1,1,6,7,0,2,1,0,7,4,0
7140,1,3,2,4,0,8,1,0,1,0,1,3,1,2,6,7,0,2,1,0,7,4,4
7141,0,0,2,8,0,5,1,1,0,7,0,1,1,2,7,7,0,2,2,4,7,2,1
7142,1,2,2,4,0,7,1,0,1,0,1,3,2,2,6,6,0,2,1,0,7,4,0
7143,0,0,0,3,0,5,1,1,0,7,0,1,2,1,7,7,0,2,2,4,7,2,1
7144,1,5,2,4,0,2,1,0,1,0,1,3,1,2,7,7,0,2,1,0,7,4,0
7145,1,5,3,2,0,2,1,0,1,0,1,3,2,1,7,7,0,2,1,0,7,4,2
7147,1,2,2,4,0,7,1,0,1,0,1,3,2,2,7,6,0,2,1,0,7,4,0
7148,1,5,3,2,0,7,1,0,1,0,1,3,2,2,6,7,0,2,1,0,7,4,2
7149,1,2,2,4,0,7,1,0,1,0,1,3,1,1,7,7,0,2,1,0,7,4,2
7150,1,2,3,2,0,2,1,0,1,0,1,1,1,2,7,6,0,2,1,0,7,4,4
7151,1,2,2,2,0,2,1,0,1,0,1,3,1,1,7,6,0,2,1,0,7,4,2
7152,1,5,2,2,0,7,1,0,1,0,1,3,1,1,7,7,0,2,1,0,7,4,0
7153,0,3,2,3,0,5,1,1,0,10,0,1,1,2,7,7,0,2,2,4,7,3,1
7154,1,5,2,2,0,8,1,0,1,0,1,3,2,2,6,7,0,2,1,0,7,4,4
7155,1,3,2,4,0,8,1,0,1,0,1,3,1,2,7,6,0,2,1,0,7,4,2
7156,1,3,3,2,0,7,1,0,1,0,1,3,1,2,7,6,0,2,1,0,7,4,2
7157,1,5,2,4,0,8,1,0,1,0,1,3,1,1,7,6,0,2,1,0,7,4,4
7158,0,0,2,3,0,5,1,1,0,2,0,1,2,1,7,7,0,2,2,4,7,2,1
7159,1,5,2,4,0,7,1,0,1,0,1,3,2,2,7,6,0,2,1,0,7,4,2
7160,1,2,2,2,0,7,1,0,1,0,1,3,2,2,7,7,0,2,1,0,7,4,0
7161,1,3,2,4,0,7,1,0,1,0,1,3,2,2,6,7,0,2,1,0,7,4,0
7162,0,0,2,3,0,5,1,1,0,10,0,1,2,2,7,7,0,2,2,4,7,3,1
7163,1,5,2,4,0,8,1,0,1,0,1,3,1,1,6,6,0,2,1,0,7,4,4
7164,1,2,3,2,0,8,1,0,1,0,1,1,2,1,7,7,0,2,1,0,7,4,4
7165,1,2,2,2,0,8,1,0,1,0,1,3,2,1,6,7,0,2,1,0,7,4,0
7167,0,0,0,3,0,5,1,1,0,2,0,1,1,2,7,7,0,2,2,4,7,3,1
7168,1,2,2,2,0,2,1,0,1,0,1,1,1,1,6,6,0,2,1,0,7,4,4
7169,1,3,2,4,0,2,1,0,1,0,1,3,2,1,6,6,0,2,1,0,7,4,2
7170,0,3,2,3,0,5,1,1,0,7,0,1,2,1,7,7,0,2,2,4,7,2,1
7171,1,3,3,4,0,2,1,0,1,0,1,3,1,1,6,6,0,2,1,0,7,4,2
7172,1,5,2,2,0,7,1,0,1,0,1,3,1,1,6,6,0,2,1,0,7,4,2
7173,0,0,2,4,0,5,0,0,0,11,0,1,2,2,5,5,0,1,1,4,8,1,2
7174,1,3,3,4,0,2,1,0,1,0,1,1,2,1,6,7,0,2,1,0,7,4,2
7175,1,2,3,4,0,7,1,0,1,0,1,3,1,1,7,7,0,2,1,0,7,4,2
7176,0,5,2,4,0,5,0,0,0,5,0,3,2,2,5,5,0,0,1,4,0,1,2
7177,1,3,2,4,0,2,1,0,1,0,1,3,1,1,6,7,0,2,1,0,7,4,2
7178,1,3,2,4,0,2,1,0,1,0,1,3,1,1,6,6,0,2,1,0,7,4,0
7179,1,3,2,4,0,7,1,0,1,0,1,3,1,2,6,6,0,2,1,0,7,4,4
7180,1,3,2,4,0,7,1,0,1,0,1,1,2,2,6,7,0,2,1,0,7,4,4
7182,0,2,2,4,0,5,0,0,0,5,0,3,2,2,5,5,0,0,1,4,3,1,2
7183,0,0,2,8,0,5,1,1,0,2,0,1,1,1,7,7,0,2,2,4,7,2,1
7184,1,3,2,2,0,7,1,0,1,0,1,1,2,2,6,6,0,2,1,0,7,4,4
7185,0,0,2,3,0,5,1,1,0,10,0,1,2,2,7,7,0,2,2,4,7,2,1
7186,1,3,3,2,0,8,1,0,1,0,1,1,1,1,6,7,0,2,1,0,7,4,4
7187,1,3,3,4,0,7,1,0,1,0,1,3,2,2,7,7,0,2,1,0,7,4,0
7188,0,5,2,4,0,5,0,0,0,6,0,1,2,2,5,5,0,1,1,4,8,1,2
7189,1,5,2,2,0,8,1,0,1,0,1,3,1,2,7,7,0,2,1,0,7,4,4
7190,1,5,2,4,0,2,1,0,1,0,1,3,1,2,6,6,0,2,1,0,7,4,0
7191,1,2,2,2,0,8,1,0,1,0,1,3,1,2,7,7,0,2,1,0,7,4,2
7192,1,2,3,2,0,7,1,0,1,0,1,1,2,2,6,6,0,2,1,0,7,4,4
7193,1,5,3,2,0,7,1,0,1,0,1,3,1,2,6,6,0,2,1,0,7,4,4
7194,1,3,2,2,0,2,1,0,1,0,1,3,1,1,7,7,0,2,1,0,7,4,0
7196,1,2,2,2,0,2,1,0,1,0,1,3,2,2,7,7,0,2,1,0,7,4,0
7197,1,3,2,4,0,7,1,0,1,0,1,3,1,1,6,7,0,2,1,0,7,4,4
7198,1,2,3,4,0,8,1,0,1,0,1,1,2,2,7,7,0,2,1,0,7,4,4
7199,1,2,2,2,0,2,1,0,1,0,1,3,1,2,6,6,0,2,1,0,7,4,0
7200,0,3,0,3,0,5,1,1,0,10,0,1,2,2,7,7,0,2,2,4,7,2,1
7201,1,3,2,4,0,2,1,0,1,0,1,3,2,1,7,6,0,2,1,0,7,4,0
7202,0,0,0,8,0,5,1,1,0,7,0,1,1,2,7,7,0,2,2,4,7,3,1
7203,1,3,2,2,0,8,1,0,1,0,1,3,1,1,6,7,0,2,1,0,7,4,2
7204,0,5,2,3,0,5,1,1,0,7,0,1,1,1,7,7,0,2,2,4,7,2,1
7205,0,3,2,4,0,5,0,0,0,11,0,1,2,2,5,5,0,1,1,4,8,1,2
7206,1,3,2,2,0,2,1,0,1,0,1,1,1,2,7,6,0,2,1,0,7,4,4
7207,1,3,3,4,0,2,1,0,1,0,1,1,2,2,7,6,0,2,1,0,7,4,2
7208,0,3,0,3,0,5,1,1,0,2,0,1,1,1,7,7,0,2,2,4,7,2,1
7209,1,5,2,4,0,8,1,0,1,0,1,3,2,2,6,6,0,2,1,0,7,4,2
7210,1,3,3,4,0,7,1,0,1,0,1,1,2,2,7,6,0,2,1,0,7,4,2
7211,0,5,0,8,0,5,1,1,0,2,0,1,1,2,7,7,0,2,2,4,7,2,1
7212,1,3,3,2,0,2,1,0,1,0,1,1,1,2,6,7,0,2,1,0,7,4,4
7213,1,3,2,2,0,2,1,0,1,0,1,3,1,2,6,6,0,2,1,0,7,4,2
7214,1,3,2,2,0,2,1,0,1,0,1,3,1,1,6,7,0,2,1,0,7,4,2
7215,1,3,3,2,0,7,1,0,1,0,1,1,1,2,7,7,0,2,1,0,7,4,4
7216,1,3,3,4,0,7,1,0,1,0,1,1,2,2,6,7,0,2,1,0,7,4,4
7217,0,3,2,3,0,5,1,1,0,2,0,1,1,1,7,7,0,2,2,4,7,2,1
7218,1,3,3,4,0,2,1,0,1,0,1,1,1,1,6,6,0,2,1,0,7,4,4
7219,1,3,2,2,0,2,1,0,1,0,1,3,2,2,7,6,0,2,1,0,7,4,2
7220,0,5,2,3,0,5,1,1,0,10,0,1,2,1,7,7,0,2,2,4,7,2,1
7221,0,2,2,4,0,5,0,0,0,11,0,1,2,2,5,5,0,1,1,4,8,4,2
7222,0,3,2,3,0,5,1,1,0,2,0,1,1,2,7,7,0,2,2,4,7,2,1
7223,1,5,2,2,0,7,1,0,1,0,1,3,1,2,7,6,0,2,1,0,7,4,4
7224,1,3,2,4,0,2,1,0,1,0,1,3,2,2,7,7,0,2,1,0,7,4,0
7225,1,3,2,4,0,7,1,0,1,0,1,3,2,1,7,6,0,2,1,0,7,4,4
7226,0,5,2,3,0,5,1,1,0,7,0,1,1,2,7,7,0,2,2,4,7,3,1
7227,1,3,3,2,0,7,1,0,1,0,1,1,1,1,6,6,0,2,1,0,7,4,4
7228,0,2,2,4,0,5,0,0,0,5,0,1,2,2,5,5,0,1,1,4,8,4,2
7229,0,3,2,8,0,5,1,1,0,10,0,1,1,1,7,7,0,2,2,4,7,2,1
7231,0,0,2,3,0,5,1,1,0,2,0,1,1,1,7,7,0,2,2,4,7,3,1
7232,1,2,3,4,0,8,1,0,1,0,1,1,2,1,7,7,0,2,1,0,7,4,4
7233,0,0,2,4,0,5,0,0,0,6,0,3,2,2,5,5,0,0,1,4,0,1,2
7234,0,0,2,3,0,5,1,1,0,10,0,1,1,2,7,7,0,2,2,4,7,2,1
7235,0,3,2,4,0,5,0,0,0,5,0,1,2,2,5,5,0,1,1,4,8,1,2
7236,0,0,2,3,0,5,1,1,0,7,0,1,1,1,7,7,0,2,2,4,7,2,1
7237,1,3,2,4,0,2,1,0,1,0,1,3,1,2,7,7,0,2,1,0,7,4,2
7238,1,3,3,4,0,8,1,0,1,0,1,1,2,1,6,7,0,2,1,0,7,4,4
7239,0,2,2,4,0,5,0,0,0,5,0,3,2,2,5,5,0,0,1,4,4,1,2
7240,1,3,2,2,0,8,1,0,1,0,1,3,1,1,6,6,0,2,1,0,7,4,4
7241,1,2,2,2,0,8,1,0,1,0,1,1,2,1,7,6,0,2,1,0,7,4,4
7242,1,3,2,4,0,8,1,0,1,0,1,3,2,1,6,6,0,2,1,0,7,4,2
7243,1,3,2,4,0,7,1,0,1,0,1,3,2,1,7,6,0,2,1,0,7,4,2
7244,0,0,2,4,0,5,0,0,0,11,0,1,2,2,5,5,0,1,1,4,8,4,2
7245,0,3,0,3,0,5,1,1,0,10,0,1,1,1,7,7,0,2,2,4,7,3,1
7246,0,0,2,4,0,5,0,0,0,6,0,3,2,2,5,5,0,1,1,4,4,1,2
7247,1,3,2,4,0,7,1,0,1,0,1,3,1,2,6,7,0,2,1,0,7,4,2
7248,1,3,3,2,0,7,1,0,1,0,1,1,2,1,7,6,0,2,1,0,7,4,2
7249,1,3,3,2,0,8,1,0,1,0,1,1,1,2,6,6,0,2,1,0,7,4,4
7250,1,3,2,4,0,8,1,0,1,0,1,1,2,2,6,6,0,2,1,0,7,4,2
7251,0,2,2,4,0,5,0,0,0,5,0,3,2,2,5,5,0,1,1,4,3,1,2
7252,1,3,2,2,0,8,1,0,1,0,1,3,2,2,7,7,0,2,1,0,7,4,0
7253,0,5,2,4,0,5,0,0,0,6,0,1,2,2,5,5,0,1,1,4,4,4,2
7254,1,3,2,4,0,8,1,0,1,0,1,3,1,1,7,6,0,2,1,0,7,4,0
7255,0,3,2,8,0,5,1,1,0,7,0,1,2,2,7,7,0,2,2,4,7,3,1
7256,1,3,3,2,0,2,1,0,1,0,1,1,2,2,7,6,0,2,1,0,7,4,0
7257,1,3,3,4,0,2,1,0,1,0,1,3,1,1,6,7,0,2,1,0,7,4,0
7258,0,3,0,3,0,5,1,1,0,2,0,1,2,2,7,7,0,2,2,4,7,3,1
7259,1,2,2,4,0,8,1,0,1,0,1,1,1,2,6,7,0,2,1,0,7,4,4
7260,0,5,2,3,0,5,1,1,0,10,0,1,2,2,7,7,0,2,2,4,7,2,1
7261,1,3,3,4,0,2,1,0,1,0,1,1,2,1,6,7,0,2,1,0,7,4,4
7262,1,2,2,2,0,2,1,0,1,0,1,3,2,1,6,6,0,2,1,0,7,4,0
7263,0,5,0,8,0,5,1,1,0,7,0,1,1,1,7,7,0,2,2,4,7,2,1
7264,1,3,3,4,0,7,1,0,1,0,1,3,1,2,7,7,0,2,1,0,7,4,2
7266,0,0,0,3,0,5,1,1,0,10,0,1,2,2,7,7,0,2,2,4,7,2,1
7267,1,3,3,2,0,8,1,0,1,0,1,1,1,1,7,6,0,2,1,0,7,4,4
7268,1,5,3,2,0,7,1,0,1,0,1,3,1,2,6,6,0,2,1,0,7,4,0
7269,1,3,2,2,0,8,1,0,1,0,1,3,1,1,7,6,0,2,1,0,7,4,2
7270,0,3,0,3,0,5,1,1,0,2,0,1,2,1,7,7,0,2,2,4,7,2,1
7271,0,3,0,8,0,5,1,1,0,7,0,1,2,2,7,7,0,2,2,4,7,3,1
7272,1,3,3,2,0,7,1,0,1,0,1,3,2,1,7,7,0,2,1,0,7,4,0
7273,0,3,2,3,0,5,1,1,0,2,0,1,2,2,7,7,0,2,2,4,7,2,1
7274,1,3,2,4,0,2,1,0,1,0,1,3,2,1,6,7,0,2,1,0,7,4,0
7275,1,3,3,4,0,8,1,0,1,0,1,1,2,2,6,7,0,2,1,0,7,4,2
7276,0,3,2,8,0,5,1,1,0,10,0,1,1,2,7,7,0,2,2,4,7,3,1
7277,1,3,3,2,0,8,1,0,1,0,1,3,1,1,6,7,0,2,1,0,7,4,2
7278,0,0,2,8,0,5,1,1,0,10,0,1,1,2,7,7,0,2,2,4,7,3,1
7279,1,3,2,4,0,8,1,0,1,0,1,3,2,1,6,6,0,2,1,0,7,4,0
7280,0,5,2,8,0,5,1,1,0,10,0,1,2,1,7,7,0,2,2,4,7,2,1
7281,0,0,2,4,0,5,0,0,0,5,0,1,2,2,5,5,0,1,1,4,3,4,2
7282,1,3,2,4,0,7,1,0,1,0,1,3,1,2,7,6,0,2,1,0,7,4,0
7283,1,3,3,2,0,2,1,0,1,0,1,1,2,1,6,7,0,2,1,0,7,4,4
7284,0,5,0,8,0,5,1,1,0,10,0,1,2,2,7,7,0,2,2,4,7,2,1
7286,1,3,2,2,0,8,1,0,1,0,1,3,1,1,6,7,0,2,1,0,7,4,4
7287,1,3,2,4,0,2,1,0,1,0,1,3,1,1,7,7,0,2,1,0,7,4,2
7288,1,3,3,4,0,8,1,0,1,0,1,1,2,2,6,7,0,2,1,0,7,4,4
7289,1,3,2,2,0,2,1,0,1,0,1,3,2,1,7,7,0,2,1,0,7,4,0
7290,0,3,2,4,0,5,0,0,0,6,0,3,2,2,5,5,0,0,1,4,0,1,2
7291,1,3,3,4,0,2,1,0,1,0,1,3,1,2,6,7,0,2,1,0,7,4,2
7293,0,3,2,3,0,5,1,1,0,10,0,1,2,2,7,7,0,2,2,4,7,2,1
7294,1,2,3,2,0,8,1,0,1,0,1,3,1,1,7,6,0,2,1,0,7,4,2
7296,1,3,3,2,0,8,1,0,1,0,1,1,2,2,6,7,0,2,1,0,7,4,4
7297,1,3,2,2,0,7,1,0,1,0,1,3,1,1,6,6,0,2,1,0,7,4,2
7298,1,3,3,2,0,7,1,0,1,0,1,1,2,1,6,6,0,2,1,0,7,4,2
7299,0,0,2,4,0,5,0,0,0,6,0,3,2,2,5,5,0,0,1,4,3,1,2
7301,0,3,2,3,0,5,1,1,0,7,0,1,1,2,7,7,0,2,2,4,7,2,1
7302,1,2,3,2,0,7,1,0,1,0,1,1,2,1,6,7,0,2,1,0,7,4,4
7303,1,3,2,2,0,7,1,0,1,0,1,3,1,1,7,7,0,2,1,0,7,4,4
7304,1,3,3,2,0,7,1,0,1,0,1,1,2,2,7,7,0,2,1,0,7,4,2
7305,0,0,0,8,0,5,1,1,0,10,0,1,1,1,7,7,0,2,2,4,7,2,1
7306,0,2,2,4,0,5,0,0,0,5,0,3,2,2,5,5,0,1,1,4,4,1,2
7307,1,3,2,4,0,8,1,0,1,0,1,3,1,1,7,7,0,2,1,0,7,4,4
7308,1,3,2,2,0,2,1,0,1,0,1,3,2,2,6,7,0,2,1,0,7,4,0
7309,0,5,0,8,0,5,1,1,0,2,0,1,1,2,7,7,0,2,2,4,7,3,1
7310,1,3,3,2,0,8,1,0,1,0,1,1,2,1,7,7,0,2,1,0,7,4,2
7311,0,5,0,8,0,5,1,1,0,2,0,1,2,2,7,7,0,2,2,4,7,3,1
7312,1,3,3,2,0,8,1,0,1,0,1,1,2,2,7,6,0,2,1,0,7,4,2
7313,1,3,3,4,0,7,1,0,1,0,1,1,2,1,7,7,0,2,1,0,7,4,4
7314,0,5,2,3,0,5,1,1,0,7,0,1,1,2,7,7,0,2,2,4,7,2,1
7315,0,5,2,8,0,5,1,1,0,2,0,1,2,1,7,7,0,2,2,4,7,2,1
7316,1,3,3,4,0,2,1,0,1,0,1,3,1,1,7,7,0,2,1,0,7,4,0
7317,1,3,2,4,0,2,1,0,1,0,1,3,1,2,7,6,0,2,1,0,7,4,2
7318,1,3,2,2,0,7,1,0,1,0,1,3,1,2,6,7,0,2,1,0,7,4,0
7319,0,0,0,8,0,5,1,1,0,7,0,1,1,1,7,7,0,2,2,4,7,2,1
7320,1,2,2,4,0,2,1,0,1,0,1,1,2,1,6,7,0,2,1,0,7,4,4
7321,1,3,2,2,0,8,1,0,1,0,1,3,1,1,6,7,0,2,1,0,7,4,0
7322,1,3,2,4,0,2,1,0,1,0,1,1,2,2,6,6,0,2,1,0,7,4,2
7324,1,3,3,4,0,2,1,0,1,0,1,3,1,2,7,6,0,2,1,0,7,4,2
7325,0,2,2,4,0,5,0,0,0,6,0,1,2,2,5,5,0,0,1,4,8,1,2
7326,1,5,3,2,0,2,1,0,1,0,1,1,2,2,6,7,0,2,1,0,7,4,0
7327,0,2,2,4,0,5,0,0,0,11,0,1,2,2,5,5,0,0,1,4,8,4,2
7328,0,0,2,8,0,5,1,1,0,2,0,1,2,2,7,7,0,2,2,4,7,2,1
7329,0,0,2,3,0,5,1,1,0,7,0,1,2,2,7,7,0,2,2,4,7,2,1
7330,1,3,3,2,0,7,1,0,1,0,1,3,1,1,7,6,0,2,1,0,7,4,2
7331,1,3,2,4,0,8,1,0,1,0,1,3,1,1,7,7,0,2,1,0,7,4,0
7332,1,3,2,2,0,2,1,0,1,0,1,1,2,2,6,7,0,2,1,0,7,4,4
7333,1,3,2,2,0,8,1,0,1,0,1,3,1,1,6,6,0,2,1,0,7,4,0
7334,0,0,0,8,0,5,1,1,0,2,0,1,2,2,7,7,0,2,2,4,7,3,1
7335,0,3,2,3,0,5,1,1,0,7,0,1,2,2,7,7,0,2,2,4,7,2,1
7337,1,3,3,4,0,2,1,0,1,0,1,3,2,2,7,6,0,2,1,0,7,4,0
7338,1,3,3,4,0,2,1,0,1,0,1,1,2,1,6,6,0,2,1,0,7,4,4
7339,1,2,2,2,0,8,1,0,1,0,1,3,2,2,7,7,0,2,1,0,7,4,0
7340,1,5,2,4,0,7,1,0,1,0,1,3,2,1,6,6,0,2,1,0,7,4,0
7341,1,3,3,4,0,7,1,0,1,0,1,1,1,1,6,6,0,2,1,0,7,4,4
7343,1,3,3,4,0,7,1,0,1,0,1,3,2,1,6,7,0,2,1,0,7,4,0
7344,0,3,2,8,0,5,1,1,0,2,0,1,2,2,7,7,0,2,2,4,7,2,1
7345,1,2,3,4,0,8,1,0,1,0,1,3,1,1,7,6,0,2,1,0,7,4,2
7346,0,0,0,3,0,5,1,1,0,7,0,1,2,2,7,7,0,2,2,4,7,3,1
7347,1,2,2,2,0,2,1,0,1,0,1,3,2,1,7,7,0,2,1,0,7,4,0
7348,1,3,2,2,0,8,1,0,1,0,1,3,1,1,6,6,0,2,1,0,7,4,2
7349,0,3,2,3,0,5,1,1,0,7,0,1,1,2,7,7,0,2,2,4,7,3,1
7350,0,5,2,3,0,5,1,1,0,7,0,1,2,2,7,7,0,2,2,4,7,3,1
7351,1,3,2,2,0,8,1,0,1,0,1,3,1,2,7,6,0,2,1,0,7,4,2
7352,0,3,2,4,0,5,0,0,0,5,0,1,2,2,5,5,0,0,1,4,8,1,2
7354,0,0,2,8,0,5,1,1,0,2,0,1,2,1,7,7,0,2,2,4,7,2,1
7355,1,2,3,4,0,7,1,0,1,0,1,3,2,1,6,7,0,2,1,0,7,4,2
7356,1,2,2,2,0,2,1,0,1,0,1,1,1,1,7,6,0,2,1,0,7,4,4
7357,1,3,2,2,0,2,1,0,1,0,1,3,2,2,6,6,0,2,1,0,7,4,2
7358,0,3,0,3,0,5,1,1,0,7,0,1,2,2,7,7,0,2,2,4,7,2,1
7359,0,5,0,8,0,5,1,1,0,7,0,1,1,1,7,7,0,2,2,4,7,3,1
7361,0,3,0,3,0,5,1,1,0,10,0,1,2,2,7,7,0,2,2,4,7,3,1
7362,1,3,2,2,0,8,1,0,1,0,1,3,2,2,6,7,0,2,1,0,7,4,2
7363,1,3,3,2,0,8,1,0,1,0,1,1,2,2,7,6,0,2,1,0,7,4,4
7364,1,3,2,4,0,8,1,0,1,0,1,1,2,2,7,6,0,2,1,0,7,4,4
7365,1,5,3,2,0,2,1,0,1,0,1,1,2,1,7,6,0,2,1,0,7,4,4
7366,0,3,2,4,0,5,0,0,0,6,0,3,2,2,5,5,0,1,1,4,4,1,2
7369,1,5,2,4,0,8,1,0,1,0,1,3,2,2,7,7,0,2,1,0,7,4,0
7371,1,3,3,4,0,7,1,0,1,0,1,1,2,1,6,6,0,2,1,0,7,4,4
7372,0,3,2,3,0,5,1,1,0,2,0,1,2,1,7,7,0,2,2,4,7,2,1
7373,0,0,2,3,0,5,1,1,0,7,0,1,2,1,7,7,0,2,2,4,7,3,1
7374,1,3,2,2,0,2,1,0,1,0,1,1,1,2,6,7,0,2,1,0,7,4,4
7375,0,5,2,4,0,5,0,0,0,6,0,1,2,2,5,5,0,0,1,4,0,4,2
7376,0,0,2,4,0,5,0,0,0,6,0,1,2,2,5,5,0,0,1,4,0,4,2
7378,0,3,2,3,0,5,1,1,0,2,0,1,2,2,7,7,0,2,2,4,7,3,1
7379,1,2,2,4,0,8,1,0,1,0,1,3,1,2,6,6,0,2,1,0,7,4,0
7380,1,3,2,4,0,2,1,0,1,0,1,3,2,2,7,6,0,2,1,0,7,4,0
7381,1,2,3,4,0,7,1,0,1,0,1,3,1,2,6,6,0,2,1,0,7,4,2
7382,1,3,3,2,0,8,1,0,1,0,1,3,1,2,7,6,0,2,1,0,7,4,0
7383,1,3,2,4,0,2,1,0,1,0,1,3,1,2,6,6,0,2,1,0,7,4,2
7384,1,3,2,2,0,8,1,0,1,0,1,1,1,2,7,7,0,2,1,0,7,4,4
7385,0,0,2,8,0,5,1,1,0,10,0,1,1,2,7,7,0,2,2,4,7,2,1
7387,1,3,3,2,0,8,1,0,1,0,1,3,2,2,7,6,0,2,1,0,7,4,0
7388,0,3,2,4,0,5,0,0,0,6,0,1,2,2,5,5,0,1,1,4,8,4,2
7389,1,3,2,2,0,2,1,0,1,0,1,1,2,1,6,7,0,2,1,0,7,4,4
7390,0,0,2,8,0,5,1,1,0,10,0,1,1,1,7,7,0,2,2,4,7,3,1
7391,0,5,2,3,0,5,1,1,0,7,0,1,1,1,7,7,0,2,2,4,7,3,1
7392,1,3,2,4,0,7,1,0,1,0,1,3,2,1,7,7,0,2,1,0,7,4,2
7393,1,3,3,4,0,8,1,0,1,0,1,1,2,2,6,6,0,2,1,0,7,4,4
7394,1,3,2,4,0,2,1,0,1,0,1,3,2,1,7,7,0,2,1,0,7,4,0
7395,1,3,3,2,0,2,1,0,1,0,1,1,2,2,6,6,0,2,1,0,7,4,4
7396,1,3,2,2,0,7,1,0,1,0,1,3,1,1,7,6,0,2,1,0,7,4,2
7397,1,3,3,4,0,8,1,0,1,0,1,1,2,1,7,7,0,2,1,0,7,4,4
7398,0,0,2,3,0,5,1,1,0,7,0,1,1,1,7,7,0,2,2,4,7,3,1
7399,1,3,3,2,0,8,1,0,1,0,1,1,2,1,6,6,0,2,1,0,7,4,4
7400,0,0,0,8,0,5,1,1,0,2,0,1,2,1,7,7,0,2,2,4,7,3,1
7402,1,5,2,4,0,7,1,0,1,0,1,3,2,1,7,6,0,2,1,0,7,4,4
7403,1,3,3,2,0,8,1,0,1,0,1,3,1,1,6,6,0,2,1,0,7,4,2
7404,0,5,2,3,0,5,1,1,0,2,0,1,2,2,7,7,0,2,2,4,7,3,1
7405,0,0,2,4,0,5,0,0,0,5,0,1,2,2,5,5,0,0,1,4,8,4,2
7406,1,3,3,2,0,8,1,0,1,0,1,1,2,1,6,6,0,2,1,0,7,4,2
7407,0,0,2,4,0,5,0,0,0,6,0,3,2,2,5,5,0,1,1,4,3,1,2
7408,1,3,3,2,0,8,1,0,1,0,1,1,2,2,6,7,0,2,1,0,7,4,2
7409,1,3,3,2,0,2,1,0,1,0,1,3,1,1,6,6,0,2,1,0,7,4,2
7410,1,3,2,2,0,8,1,0,1,0,1,1,2,2,7,7,0,2,1,0,7,4,4
7411,0,0,2,3,0,5,1,1,0,7,0,1,2,2,7,7,0,2,2,4,7,3,1
7412,0,3,2,4,0,5,0,0,0,5,0,3,2,2,5,5,0,1,1,4,3,1,2
7413,0,0,2,4,0,5,0,0,0,11,0,1,2,2,5,5,0,0,1,4,3,4,2
7414,1,5,2,4,0,2,1,0,1,0,1,3,2,1,7,6,0,2,1,0,7,4,0
7416,0,5,0,3,0,5,1,1,0,10,0,1,1,2,7,7,0,2,2,4,7,3,1
7417,1,3,2,4,0,7,1,0,1,0,1,3,1,2,6,6,0,2,1,0,7,4,2
7418,0,3,0,3,0,5,1,1,0,7,0,1,1,2,7,7,0,2,2,4,7,2,1
7419,1,3,2,4,0,2,1,0,1,0,1,3,1,2,7,6,0,2,1,0,7,4,4
7420,1,3,3,2,0,8,1,0,1,0,1,3,2,2,6,6,0,2,1,0,7,4,0
7421,1,3,3,4,0,7,1,0,1,0,1,3,2,2,6,7,0,2,1,0,7,4,0
7423,1,3,3,4,0,2,1,0,1,0,1,3,1,2,7,6,0,2,1,0,7,4,0
7424,1,3,3,2,0,2,1,0,1,0,1,1,2,2,6,7,0,2,1,0,7,4,4
7425,0,2,2,4,0,5,0,0,0,11,0,3,2,2,5,5,0,0,1,4,0,1,2
7426,1,3,3,2,0,2,1,0,1,0,1,3,1,1,6,7,0,2,1,0,7,4,2
7427,1,3,3,4,0,8,1,0,1,0,1,3,1,1,7,7,0,2,1,0,7,4,0
7428,1,3,3,4,0,8,1,0,1,0,1,3,1,1,6,6,0,2,1,0,7,4,0
7429,1,2,3,4,0,7,1,0,1,0,1,1,2,1,7,7,0,2,1,0,7,4,4
7430,1,3,2,2,0,2,1,0,1,0,1,1,1,1,6,6,0,2,1,0,7,4,4
7431,1,3,3,2,0,7,1,0,1,0,1,3,1,1,6,6,0,2,1,0,7,4,2
7432,0,5,2,4,0,5,0,0,0,5,0,3,2,2,5,5,0,1,1,4,4,1,2
7433,1,2,2,2,0,7,1,0,1,0,1,1,1,2,7,6,0,2,1,0,7,4,4
7434,0,3,2,3,0,5,1,1,0,7,0,1,2,2,7,7,0,2,2,4,7,3,1
7435,1,3,2,2,0,7,1,0,1,0,1,3,2,2,6,6,0,2,1,0,7,4,2
7436,1,3,2,2,0,8,1,0,1,0,1,3,2,1,6,7,0,2,1,0,7,4,2
7437,0,2,2,4,0,5,0,0,0,5,0,1,2,2,5,5,0,1,1,4,4,4,2
7438,1,3,2,4,0,7,1,0,1,0,1,3,2,1,6,6,0,2,1,0,7,4,2
7439,0,5,0,3,0,5,1,1,0,7,0,1,2,1,7,7,0,2,2,4,7,3,1
7440,0,3,2,4,0,5,0,0,0,5,0,1,2,2,5,5,0,1,1,4,4,4,2
7441,1,2,2,2,0,7,1,0,1,0,1,1,2,2,6,6,0,2,1,0,7,4,4
7442,1,3,2,4,0,7,1,0,1,0,1,3,2,2,7,7,0,2,1,0,7,4,0
7444,0,5,0,3,0,5,1,1,0,2,0,1,2,1,7,7,0,2,2,4,7,2,1
7445,0,3,2,8,0,5,1,1,0,10,0,1,1,2,7,7,0,2,2,4,7,2,1
7446,0,0,2,4,0,5,0,0,0,5,0,3,2,2,5,5,0,0,1,4,0,1,2
7447,1,3,3,2,0,7,1,0,1,0,1,1,1,1,7,7,0,2,1,0,7,4,4
7448,1,3,3,2,0,8,1,0,1,0,1,1,2,2,7,7,0,2,1,0,7,4,2
7450,0,5,0,3,0,5,1,1,0,7,0,1,1,1,7,7,0,2,2,4,7,3,1
7451,1,3,2,4,0,2,1,0,1,0,1,3,1,1,7,7,0,2,1,0,7,4,4
7452,1,3,3,2,0,2,1,0,1,0,1,1,2,1,6,6,0,2,1,0,7,4,2
7453,1,3,3,4,0,2,1,0,1,0,1,3,2,1,7,7,0,2,1,0,7,4,0
7454,1,2,3,4,0,2,1,0,1,0,1,3,2,1,7,6,0,2,1,0,7,4,2
7455,0,2,2,4,0,5,0,0,0,11,0,1,2,2,5,5,0,0,1,4,0,4,2
7456,1,2,3,2,0,2,1,0,1,0,1,3,2,2,7,6,0,2,1,0,7,4,0
7457,1,3,2,4,0,7,1,0,1,0,1,3,2,1,6,6,0,2,1,0,7,4,4
7458,1,3,2,4,0,2,1,0,1,0,1,3,2,1,7,6,0,2,1,0,7,4,2
7459,0,0,2,4,0,5,0,0,0,5,0,1,2,2,5,5,0,1,1,4,8,1,2
7460,0,5,0,3,0,5,1,1,0,2,0,1,1,2,7,7,0,2,2,4,7,2,1
7461,1,3,2,4,0,7,1,0,1,0,1,3,2,1,7,7,0,2,1,0,7,4,4
7462,1,3,3,4,0,2,1,0,1,0,1,1,2,2,7,7,0,2,1,0,7,4,4
7463,0,5,2,3,0,5,1,1,0,10,0,1,2,2,7,7,0,2,2,4,7,3,1
7464,1,3,3,4,0,7,1,0,1,0,1,3,1,1,7,7,0,2,1,0,7,4,0
7465,1,3,2,2,0,7,1,0,1,0,1,3,1,2,7,6,0,2,1,0,7,4,0
7466,1,3,3,2,0,8,1,0,1,0,1,1,2,1,7,6,0,2,1,0,7,4,2
7467,0,0,2,4,0,5,0,0,0,6,0,3,2,2,5,5,0,0,1,4,4,1,2
7468,0,0,2,3,0,5,1,1,0,2,0,1,2,1,7,7,0,2,2,4,7,3,1
7470,1,3,2,4,0,2,1,0,1,0,1,1,1,2,6,6,0,2,1,0,7,4,4
7471,1,3,3,2,0,2,1,0,1,0,1,3,1,2,6,6,0,2,1,0,7,4,0
7472,1,3,3,2,0,8,1,0,1,0,1,3,2,1,7,6,0,2,1,0,7,4,0
7473,1,3,2,4,0,2,1,0,1,0,1,3,1,1,7,6,0,2,1,0,7,4,0
7474,1,3,3,2,0,7,1,0,1,0,1,3,1,2,6,6,0,2,1,0,7,4,2
7475,1,3,2,2,0,7,1,0,1,0,1,3,2,2,6,7,0,2,1,0,7,4,0
7476,1,5,2,2,0,8,1,0,1,0,1,3,1,2,6,7,0,2,1,0,7,4,4
7477,1,3,2,2,0,7,1,0,1,0,1,3,2,2,7,6,0,2,1,0,7,4,0
7478,1,3,2,4,0,8,1,0,1,0,1,3,2,2,6,7,0,2,1,0,7,4,0
7479,0,0,0,3,0,5,1,1,0,10,0,1,1,1,7,7,0,2,2,4,7,3,1
7482,1,3,2,4,0,8,1,0,1,0,1,3,1,1,6,6,0,2,1,0,7,4,4
7484,1,3,2,4,0,7,1,0,1,0,1,3,1,2,7,7,0,2,1,0,7,4,2
7486,0,5,0,3,0,5,1,1,0,7,0,1,2,2,7,7,0,2,2,4,7,2,1
7487,1,3,3,4,0,8,1,0,1,0,1,3,2,1,6,7,0,2,1,0,7,4,0
7488,1,3,2,4,0,7,1,0,1,0,1,3,1,2,7,6,0,2,1,0,7,4,2
7489,1,2,3,4,0,8,1,0,1,0,1,3,2,2,6,6,0,2,1,0,7,4,0
7490,0,2,2,4,0,5,0,0,0,5,0,1,2,2,5,5,0,1,1,4,8,1,2
7491,1,3,3,4,0,7,1,0,1,0,1,3,2,2,6,6,0,2,1,0,7,4,0
7492,1,2,3,4,0,2,1,0,1,0,1,3,1,1,6,7,0,2,1,0,7,4,0
7493,1,3,2,4,0,7,1,0,1,0,1,3,1,1,7,7,0,2,1,0,7,4,4
7494,1,2,3,2,0,7,1,0,1,0,1,1,2,1,6,7,0,2,1,0,7,4,2
7495,1,3,2,4,0,7,1,0,1,0,1,3,1,1,7,6,0,2,1,0,7,4,4
7496,1,5,3,2,0,7,1,0,1,0,1,3,2,2,6,6,0,2,1,0,7,4,0
7497,1,3,3,4,0,8,1,0,1,0,1,1,2,1,6,6,0,2,1,0,7,4,4
7498,0,5,2,8,0,5,1,1,0,7,0,1,1,2,7,7,0,2,2,4,7,3,1
7499,0,5,2,3,0,5,1,1,0,2,0,1,2,1,7,7,0,2,2,4,7,3,1
7500,0,5,0,8,0,5,1,1,0,10,0,1,1,1,7,7,0,2,2,4,7,3,1
7501,1,3,2,4,0,7,1,0,1,0,1,3,1,2,6,7,0,2,1,0,7,4,0
7502,1,3,2,2,0,2,1,0,1,0,1,3,1,1,7,6,0,2,1,0,7,4,0
7503,1,3,3,2,0,8,1,0,1,0,1,1,2,1,6,7,0,2,1,0,7,4,4
7504,1,3,2,2,0,2,1,0,1,0,1,3,2,2,6,6,0,2,1,0,7,4,0
7505,1,3,2,4,0,8,1,0,1,0,1,3,1,2,6,6,0,2,1,0,7,4,4
7506,1,3,3,4,0,2,1,0,1,0,1,3,1,1,7,6,0,2,1,0,7,4,2
7507,1,3,3,2,0,8,1,0,1,0,1,1,2,2,7,7,0,2,1,0,7,4,4
7508,1,3,2,4,0,8,1,0,1,0,1,3,2,1,7,7,0,2,1,0,7,4,0
7509,1,3,2,2,0,7,1,0,1,0,1,3,2,1,7,7,0,2,1,0,7,4,0
7510,0,2,2,4,0,5,0,0,0,6,0,3,2,2,5,5,0,0,1,4,4,1,2
7511,1,2,2,4,0,7,1,0,1,0,1,3,2,2,7,7,0,2,1,0,7,4,0
7512,1,3,2,4,0,7,1,0,1,0,1,3,1,1,6,7,0,2,1,0,7,4,2
7513,0,5,2,3,0,5,1,1,0,2,0,1,1,2,7,7,0,2,2,4,7,2,1
7514,0,5,0,8,0,5,1,1,0,7,0,1,2,2,7,7,0,2,2,4,7,2,1
7515,1,3,3,4,0,7,1,0,1,0,1,3,2,2,7,6,0,2,1,0,7,4,0
7516,0,5,2,4,0,5,0,0,0,5,0,3,2,2,5,5,0,0,1,4,4,1,2
7517,1,3,3,4,0,7,1,0,1,0,1,3,1,1,7,6,0,2,1,0,7,4,2
7518,1,3,3,4,0,7,1,0,1,0,1,1,2,2,6,7,0,2,1,0,7,4,2
7519,1,3,3,4,0,7,1,0,1,0,1,1,2,2,7,6,0,2,1,0,7,4,4
7520,1,3,3,2,0,7,1,0,1,0,1,3,1,2,6,7,0,2,1,0,7,4,2
7521,1,3,2,4,0,2,1,0,1,0,1,3,1,1,6,6,0,2,1,0,7,4,2
7522,0,0,2,4,0,5,0,0,0,11,0,3,2,2,5,5,0,0,1,4,0,1,2
7523,0,2,2,4,0,5,0,0,0,6,0,3,2,2,5,5,0,1,1,4,3,1,2
7524,0,0,2,8,0,5,1,1,0,2,0,1,1,1,7,7,0,2,2,4,7,3,1
7525,1,3,2,4,0,8,1,0,1,0,1,3,1,1,6,7,0,2,1,0,7,4,2
7526,0,5,2,4,0,5,0,0,0,5,0,3,2,2,5,5,0,0,1,4,3,1,2
7527,1,3,3,4,0,7,1,0,1,0,1,3,1,2,6,7,0,2,1,0,7,4,0
7528,0,0,0,3,0,5,1,1,0,2,0,1,1,1,7,7,0,2,2,4,7,3,1
7529,0,0,2,3,0,5,1,1,0,7,0,1,1,2,7,7,0,2,2,4,7,2,1
7530,1,5,2,4,0,7,1,0,1,0,1,3,1,1,7,6,0,2,1,0,7,4,0
7531,0,5,2,4,0,5,0,0,0,5,0,3,2,2,5,5,0,1,1,4,0,1,2
7532,0,5,2,8,0,5,1,1,0,7,0,1,2,1,7,7,0,2,2,4,7,2,1
7534,0,3,2,3,0,5,1,1,0,2,0,1,2,1,7,7,0,2,2,4,7,3,1
7535,0,5,2,8,0,5,1,1,0,2,0,1,1,1,7,7,0,2,2,4,7,2,1
7537,0,5,2,4,0,5,0,0,0,11,0,1,2,2,5,5,0,1,1,4,8,1,2
7538,1,3,2,2,0,8,1,0,1,0,1,3,2,1,6,6,0,2,1,0,7,4,2
7539,1,3,3,2,0,7,1,0,1,0,1,1,2,1,6,7,0,2,1,0,7,4,2
7540,0,5,2,8,0,5,1,1,0,7,0,1,1,2,7,7,0,2,2,4,7,2,1
7541,0,3,0,8,0,5,1,1,0,2,0,1,1,1,7,7,0,2,2,4,7,3,1
7542,0,0,0,3,0,5,1,1,0,7,0,1,1,2,7,7,0,2,2,4,7,3,1
7543,0,3,2,4,0,5,0,0,0,5,0,1,2,2,5,5,0,1,1,4,0,4,2
7544,1,3,3,4,0,2,1,0,1,0,1,1,2,2,6,6,0,2,1,0,7,4,4
7545,1,2,3,2,0,7,1,0,1,0,1,1,1,1,6,6,0,2,1,0,7,4,4
7546,1,3,2,2,0,7,1,0,1,0,1,3,2,1,6,6,0,2,1,0,7,4,2
7547,0,3,2,4,0,5,0,0,0,11,0,1,2,2,5,5,0,0,1,4,3,4,2
7549,1,3,3,4,0,2,1,0,1,0,1,1,1,1,7,7,0,2,1,0,7,4,4
7550,0,0,2,8,0,5,1,1,0,2,0,1,1,2,7,7,0,2,2,4,7,3,1
7551,1,3,2,2,0,8,1,0,1,0,1,1,2,2,7,6,0,2,1,0,7,4,4
7552,0,3,2,8,0,5,1,1,0,7,0,1,1,1,7,7,0,2,2,4,7,3,1
7553,1,3,3,4,0,7,1,0,1,0,1,1,2,1,6,6,0,2,1,0,7,4,2
7554,1,3,2,4,0,7,1,0,1,0,1,1,2,2,6,7,0,2,1,0,7,4,2
7555,0,2,2,4,0,5,0,0,0,11,0,3,2,2,5,5,0,1,1,4,0,1,2
7556,1,3,2,4,0,8,1,0,1,0,1,3,1,1,7,6,0,2,1,0,7,4,2
7557,1,3,3,2,0,2,1,0,1,0,1,3,1,1,6,6,0,2,1,0,7,4,0
7558,0,5,2,4,0,5,0,0,0,5,0,1,2,2,5,5,0,0,1,4,8,4,2
7559,0,5,0,8,0,5,1,1,0,2,0,1,1,1,7,7,0,2,2,4,7,2,1
7560,0,5,0,3,0,5,1,1,0,10,0,1,1,2,7,7,0,2,2,4,7,2,1
7561,0,5,2,4,0,5,0,0,0,5,0,1,2,2,5,5,0,0,1,4,0,4,2
7562,1,3,2,4,0,8,1,0,1,0,1,1,2,2,6,6,0,2,1,0,7,4,4
7563,1,3,3,2,0,8,1,0,1,0,1,1,1,1,7,7,0,2,1,0,7,4,4
7564,0,5,2,8,0,5,1,1,0,2,0,1,2,2,7,7,0,2,2,4,7,3,1
7565,1,3,3,2,0,8,1,0,1,0,1,3,1,2,6,6,0,2,1,0,7,4,0
7566,0,5,0,3,0,5,1,1,0,10,0,1,2,2,7,7,0,2,2,4,7,3,1
7567,1,3,2,4,0,7,1,0,1,0,1,3,1,1,6,6,0,2,1,0,7,4,2
7568,1,2,3,4,0,2,1,0,1,0,1,3,2,1,7,7,0,2,1,0,7,4,0
7569,1,3,2,2,0,7,1,0,1,0,1,3,1,2,7,7,0,2,1,0,7,4,0
7571,1,3,2,2,0,8,1,0,1,0,1,3,1,2,7,7,0,2,1,0,7,4,2
7572,1,3,2,4,0,8,1,0,1,0,1,3,1,2,7,7,0,2,1,0,7,4,4
7573,0,0,2,3,0,5,1,1,0,2,0,1,2,2,7,7,0,2,2,4,7,3,1
7574,1,3,3,4,0,7,1,0,1,0,1,3,1,1,6,7,0,2,1,0,7,4,2
7575,1,3,2,4,0,2,1,0,1,0,1,3,1,2,7,7,0,2,1,0,7,4,4
7576,0,3,0,3,0,5,1,1,0,10,0,1,1,2,7,7,0,2,2,4,7,2,1
7577,1,3,3,4,0,2,1,0,1,0,1,1,2,1,6,6,0,2,1,0,7,4,2
7578,1,3,2,2,0,8,1,0,1,0,1,3,2,1,7,6,0,2,1,0,7,4,2
7579,1,3,3,4,0,7,1,0,1,0,1,1,1,2,6,6,0,2,1,0,7,4,4
7580,1,3,2,2,0,8,1,0,1,0,1,3,2,2,6,6,0,2,1,0,7,4,0
7581,0,3,0,8,0,5,1,1,0,2,0,1,2,1,7,7,0,2,2,4,7,2,1
7582,1,3,3,2,0,8,1,0,1,0,1,3,1,2,6,7,0,2,1,0,7,4,0
7583,1,3,3,2,0,7,1,0,1,0,1,3,1,1,6,7,0,2,1,0,7,4,0
7584,0,0,0,8,0,5,1,1,0,2,0,1,1,2,7,7,0,2,2,4,7,3,1
7585,0,5,2,3,0,5,1,1,0,2,0,1,2,2,7,7,0,2,2,4,7,2,1
7586,0,0,2,3,0,5,1,1,0,10,0,1,1,2,7,7,0,2,2,4,7,3,1
7587,1,3,3,2,0,7,1,0,1,0,1,1,2,1,6,6,0,2,1,0,7,4,4
7588,1,3,2,4,0,8,1,0,1,0,1,3,2,1,7,7,0,2,1,0,7,4,4
7589,1,3,3,2,0,8,1,0,1,0,1,3,1,1,7,7,0,2,1,0,7,4,0
7590,0,0,2,8,0,5,1,1,0,10,0,1,2,1,7,7,0,2,2,4,7,3,1
7591,1,2,2,2,0,2,1,0,1,0,1,3,2,2,6,7,0,2,1,0,7,4,0
7592,1,3,2,4,0,7,1,0,1,0,1,3,1,1,7,6,0,2,1,0,7,4,0
7593,0,3,2,8,0,5,1,1,0,7,0,1,2,1,7,7,0,2,2,4,7,3,1
7594,1,3,3,2,0,8,1,0,1,0,1,3,2,1,6,6,0,2,1,0,7,4,0
7595,1,3,2,2,0,2,1,0,1,0,1,3,1,2,7,7,0,2,1,0,7,4,2
7596,1,3,2,4,0,7,1,0,1,0,1,3,2,1,6,6,0,2,1,0,7,4,0
7598,1,3,2,4,0,2,1,0,1,0,1,1,1,1,7,6,0,2,1,0,7,4,4
7599,1,3,3,2,0,2,1,0,1,0,1,1,1,1,6,6,0,2,1,0,7,4,4
7601,1,3,3,2,0,2,1,0,1,0,1,3,1,1,7,6,0,2,1,0,7,4,2
7603,1,3,2,2,0,2,1,0,1,0,1,1,2,2,6,6,0,2,1,0,7,4,4
7604,0,3,0,3,0,5,1,1,0,7,0,1,1,1,7,7,0,2,2,4,7,3,1
7605,1,3,2,2,0,7,1,0,1,0,1,3,2,2,6,6,0,2,1,0,7,4,0
7606,1,3,2,2,0,2,1,0,1,0,1,3,1,1,6,7,0,2,1,0,7,4,0
7607,1,3,2,4,0,8,1,0,1,0,1,1,2,2,7,6,0,2,1,0,7,4,2
7608,1,3,3,4,0,8,1,0,1,0,1,1,2,2,7,6,0,2,1,0,7,4,2
7609,0,5,0,3,0,5,1,1,0,7,0,1,1,2,7,7,0,2,2,4,7,2,1
7610,0,0,2,8,0,5,1,1,0,2,0,1,1,2,7,7,0,2,2,4,7,2,1
7611,1,3,3,2,0,7,1,0,1,0,1,3,1,2,7,6,0,2,1,0,7,4,0
7612,0,0,2,4,0,5,0,0,0,11,0,3,2,2,5,5,0,1,1,4,3,1,2
7613,1,3,3,2,0,8,1,0,1,0,1,1,1,1,6,6,0,2,1,0,7,4,4
7614,1,3,2,2,0,8,1,0,1,0,1,1,2,1,6,6,0,2,1,0,7,4,4
7615,0,0,2,3,0,5,1,1,0,2,0,1,1,2,7,7,0,2,2,4,7,3,1
7616,1,3,2,2,0,8,1,0,1,0,1,1,2,2,6,7,0,2,1,0,7,4,4
7617,0,0,2,4,0,5,0,0,0,5,0,1,2,2,5,5,0,0,1,4,4,4,2
7618,1,2,2,4,0,8,1,0,1,0,1,1,2,2,6,6,0,2,1,0,7,4,4
7619,1,3,2,2,0,8,1,0,1,0,1,3,1,2,7,7,0,2,1,0,7,4,0
7620,1,3,2,4,0,8,1,0,1,0,1,3,1,2,7,7,0,2,1,0,7,4,2
7621,1,3,3,4,0,8,1,0,1,0,1,1,2,2,6,6,0,2,1,0,7,4,2
7622,0,0,0,3,0,5,1,1,0,2,0,1,2,2,7,7,0,2,2,4,7,2,1
7623,0,3,2,8,0,5,1,1,0,2,0,1,2,2,7,7,0,2,2,4,7,3,1
7624,1,3,2,4,0,8,1,0,1,0,1,3,2,1,6,7,0,2,1,0,7,4,2
7625,1,2,3,4,0,2,1,0,1,0,1,3,1,1,6,6,0,2,1,0,7,4,0
7626,0,5,2,8,0,5,1,1,0,7,0,1,1,1,7,7,0,2,2,4,7,3,1
7627,0,5,2,4,0,5,0,0,0,6,0,3,2,2,5,5,0,1,1,4,0,1,2
7628,1,3,2,4,0,7,1,0,1,0,1,3,1,2,7,7,0,2,1,0,7,4,4
7629,1,3,3,4,0,7,1,0,1,0,1,1,2,2,7,7,0,2,1,0,7,4,2
7630,0,3,2,4,0,5,0,0,0,6,0,1,2,2,5,5,0,1,1,4,0,4,2
7631,0,0,0,8,0,5,1,1,0,10,0,1,1,1,7,7,0,2,2,4,7,3,1
7632,0,5,2,8,0,5,1,1,0,10,0,1,1,1,7,7,0,2,2,4,7,2,1
7633,1,2,3,2,0,8,1,0,1,0,1,1,2,2,6,7,0,2,1,0,7,4,4
7634,1,3,3,2,0,2,1,0,1,0,1,1,2,2,7,6,0,2,1,0,7,4,2
7636,0,2,2,4,0,5,0,0,0,11,0,1,2,2,5,5,0,0,1,4,8,1,2
7637,1,3,2,4,0,2,1,0,1,0,1,3,2,1,6,6,0,2,1,0,7,4,0
7638,1,5,2,4,0,7,1,0,1,0,1,3,1,1,6,7,0,2,1,0,7,4,0
7639,1,3,3,2,0,7,1,0,1,0,1,3,2,1,6,7,0,2,1,0,7,4,0
7640,0,0,2,8,0,5,1,1,0,7,0,1,2,2,7,7,0,2,2,4,7,3,1
7641,0,0,2,3,0,5,1,1,0,7,0,1,1,2,7,7,0,2,2,4,7,3,1
7642,0,3,0,3,0,5,1,1,0,2,0,1,1,2,7,7,0,2,2,4,7,2,1
7643,0,3,0,3,0,5,1,1,0,7,0,1,1,1,7,7,0,2,2,4,7,2,1
7644,0,5,0,8,0,5,1,1,0,10,0,1,1,2,7,7,0,2,2,4,7,2,1
7645,1,3,3,2,0,7,1,0,1,0,1,1,1,2,6,6,0,2,1,0,7,4,4
7646,1,2,3,2,0,7,1,0,1,0,1,1,1,2,6,6,0,2,1,0,7,4,2
7647,1,3,3,2,0,7,1,0,1,0,1,1,2,2,6,7,0,2,1,0,7,4,2
7648,1,2,2,4,0,2,1,0,1,0,1,3,1,1,6,7,0,2,1,0,7,4,2
7649,0,0,2,8,0,5,1,1,0,7,0,1,1,2,7,7,0,2,2,4,7,3,1
7650,0,3,2,8,0,5,1,1,0,10,0,1,1,1,7,7,0,2,2,4,7,3,1
7651,0,0,0,8,0,5,1,1,0,7,0,1,2,2,7,7,0,2,2,4,7,2,1
7652,0,2,2,4,0,5,0,0,0,5,0,3,2,2,5,5,0,0,1,4,0,1,2
7653,1,3,3,2,0,7,1,0,1,0,1,3,2,2,6,7,0,2,1,0,7,4,0
7654,1,3,2,4,0,2,1,0,1,0,1,1,2,2,7,7,0,2,1,0,7,4,4
7655,1,3,2,4,0,8,1,0,1,0,1,3,2,1,7,6,0,2,1,0,7,4,4
7656,1,2,3,4,0,8,1,0,1,0,1,3,2,1,7,6,0,2,1,0,7,4,0
7657,1,5,2,2,0,2,1,0,1,0,1,3,1,1,6,7,0,2,1,0,7,4,2
7658,0,2,2,4,0,5,0,0,0,11,0,1,2,2,5,5,0,1,1,4,4,4,2
7659,0,3,0,8,0,5,1,1,0,10,0,1,2,1,7,7,0,2,2,4,7,3,1
7660,1,3,2,4,0,8,1,0,1,0,1,3,1,2,7,6,0,2,1,0,7,4,0
7661,1,5,2,4,0,8,1,0,1,0,1,3,1,2,7,7,0,2,1,0,7,4,0
7662,0,0,0,3,0,5,1,1,0,10,0,1,2,1,7,7,0,2,2,4,7,3,1
7663,1,3,3,4,0,7,1,0,1,0,1,3,1,1,6,6,0,2,1,0,7,4,0
7664,0,0,2,4,0,5,0,0,0,6,0,1,2,2,5,5,0,1,1,4,8,1,2
7665,0,2,2,4,0,5,0,0,0,11,0,1,2,2,5,5,0,1,1,4,3,4,2
7666,1,3,3,2,0,7,1,0,1,0,1,1,1,1,6,7,0,2,1,0,7,4,4
7667,1,3,2,2,0,7,1,0,1,0,1,3,1,1,6,6,0,2,1,0,7,4,0
7668,1,3,3,4,0,7,1,0,1,0,1,1,1,2,6,7,0,2,1,0,7,4,4
7669,1,3,3,2,0,7,1,0,1,0,1,1,2,1,7,7,0,2,1,0,7,4,4
7670,1,3,3,4,0,2,1,0,1,0,1,3,1,1,6,6,0,2,1,0,7,4,0
7671,0,5,2,3,0,5,1,1,0,10,0,1,1,1,7,7,0,2,2,4,7,3,1
7672,1,3,3,4,0,2,1,0,1,0,1,3,2,2,7,7,0,2,1,0,7,4,0
7674,0,0,2,4,0,5,0,0,0,5,0,1,2,2,5,5,0,0,1,4,3,4,2
7675,1,3,2,2,0,8,1,0,1,0,1,3,2,1,7,7,0,2,1,0,7,4,2
7676,1,3,2,4,0,2,1,0,1,0,1,3,2,2,6,7,0,2,1,0,7,4,0
7677,1,3,3,4,0,2,1,0,1,0,1,1,2,2,7,6,0,2,1,0,7,4,4
7678,0,0,0,3,0,5,1,1,0,2,0,1,2,1,7,7,0,2,2,4,7,3,1
7679,1,3,3,4,0,7,1,0,1,0,1,1,1,1,7,7,0,2,1,0,7,4,4
7680,0,0,0,8,0,5,1,1,0,7,0,1,1,1,7,7,0,2,2,4,7,3,1
7681,1,3,2,2,0,2,1,0,1,0,1,3,2,1,6,6,0,2,1,0,7,4,2
7682,0,5,2,8,0,5,1,1,0,7,0,1,2,1,7,7,0,2,2,4,7,3,1
7683,1,3,3,2,0,2,1,0,1,0,1,1,2,1,7,7,0,2,1,0,7,4,2
7684,1,3,3,2,0,7,1,0,1,0,1,3,2,1,6,6,0,2,1,0,7,4,0
7685,0,5,2,8,0,5,1,1,0,10,0,1,1,2,7,7,0,2,2,4,7,2,1
7686,1,3,3,2,0,2,1,0,1,0,1,1,2,2,7,7,0,2,1,0,7,4,0
7687,1,3,3,4,0,7,1,0,1,0,1,1,2,1,7,6,0,2,1,0,7,4,4
7688,0,3,2,4,0,5,0,0,0,6,0,1,2,2,5,5,0,0,1,4,4,4,2
7689,0,3,2,4,0,5,0,0,0,6,0,1,2,2,5,5,0,0,1,4,3,4,2
7690,1,3,2,2,0,8,1,0,1,0,1,3,1,2,6,6,0,2,1,0,7,4,2
7691,1,3,2,2,0,7,1,0,1,0,1,1,1,2,7,6,0,2,1,0,7,4,4
7692,0,3,2,4,0,5,0,0,0,11,0,3,2,2,5,5,0,0,1,4,3,1,2
7693,1,3,2,4,0,8,1,0,1,0,1,3,2,1,6,7,0,2,1,0,7,4,0
7694,1,3,2,2,0,2,1,0,1,0,1,3,2,2,7,6,0,2,1,0,7,4,0
7695,1,3,3,2,0,7,1,0,1,0,1,3,1,1,6,6,0,2,1,0,7,4,0
7696,1,3,3,2,0,2,1,0,1,0,1,1,2,2,6,6,0,2,1,0,7,4,0
7697,1,3,3,2,0,2,1,0,1,0,1,1,2,1,7,6,0,2,1,0,7,4,2
7698,0,3,0,8,0,5,1,1,0,10,0,1,2,1,7,7,0,2,2,4,7,2,1
7699,0,0,2,4,0,5,0,0,0,6,0,1,2,2,5,5,0,1,1,4,3,4,2
7700,1,3,2,2,0,7,1,0,1,0,1,3,1,1,6,7,0,2,1,0,7,4,0
7701,0,2,2,4,0,5,0,0,0,11,0,1,2,2,5,5,0,1,1,4,0,4,2
7703,1,3,3,2,0,8,1,0,1,0,1,3,1,2,7,7,0,2,1,0,7,4,2
7707,1,3,2,2,0,2,1,0,1,0,1,1,1,2,6,6,0,2,1,0,7,4,4
7708,1,3,3,2,0,2,1,0,1,0,1,1,2,1,7,6,0,2,1,0,7,4,0
7710,0,0,2,4,0,5,0,0,0,11,0,1,2,2,5,5,0,0,1,4,4,4,2
7711,1,3,2,4,0,7,1,0,1,0,1,3,2,1,6,7,0,2,1,0,7,4,2
7712,0,5,2,8,0,5,1,1,0,2,0,1,2,1,7,7,0,2,2,4,7,3,1
7713,1,5,2,2,0,2,1,0,1,0,1,3,2,2,7,7,0,2,1,0,7,4,2
7715,1,2,2,4,0,7,1,0,1,0,1,1,2,2,6,6,0,2,1,0,7,4,2
7716,0,3,2,4,0,5,0,0,0,6,0,3,2,2,5,5,0,1,1,4,0,1,2
7718,1,2,2,4,0,7,1,0,1,0,1,3,1,2,6,6,0,2,1,0,7,4,0
7719,1,3,2,4,0,8,1,0,1,0,1,1,2,2,6,7,0,2,1,0,7,4,4
7720,0,0,2,3,0,5,1,1,0,10,0,1,1,1,7,7,0,2,2,4,7,3,1
7722,1,2,2,4,0,7,1,0,1,0,1,1,1,2,6,7,0,2,1,0,7,4,4
7723,0,3,2,4,0,5,0,0,0,6,0,1,2,2,5,5,0,0,1,4,8,1,2
7724,0,0,0,8,0,5,1,1,0,10,0,1,1,2,7,7,0,2,2,4,7,2,1
7725,0,5,0,8,0,5,1,1,0,2,0,1,2,2,7,7,0,2,2,4,7,2,1
7726,1,3,2,4,0,8,1,0,1,0,1,3,1,2,6,6,0,2,1,0,7,4,0
7728,1,3,3,2,0,7,1,0,1,0,1,1,2,2,7,6,0,2,1,0,7,4,4
7729,0,5,2,4,0,5,0,0,0,6,0,3,2,2,5,5,0,0,1,4,0,1,2
7730,1,3,2,2,0,2,1,0,1,0,1,1,2,2,7,6,0,2,1,0,7,4,4
7731,1,5,2,2,0,7,1,0,1,0,1,3,1,2,6,6,0,2,1,0,7,4,2
7732,1,3,2,4,0,8,1,0,1,0,1,3,1,2,6,7,0,2,1,0,7,4,2
7733,1,3,3,2,0,7,1,0,1,0,1,3,1,1,7,7,0,2,1,0,7,4,0
7734,1,3,3,4,0,2,1,0,1,0,1,3,1,1,6,7,0,2,1,0,7,4,2
7735,1,3,2,2,0,2,1,0,1,0,1,3,2,1,6,6,0,2,1,0,7,4,0
7736,0,0,0,3,0,5,1,1,0,7,0,1,2,2,7,7,0,2,2,4,7,2,1
7737,0,3,2,4,0,5,0,0,0,6,0,1,2,2,5,5,0,0,1,4,8,4,2
7738,1,3,3,4,0,7,1,0,1,0,1,1,1,1,7,6,0,2,1,0,7,4,4
7740,0,3,2,8,0,5,1,1,0,7,0,1,1,2,7,7,0,2,2,4,7,2,1
7741,0,5,2,4,0,5,0,0,0,5,0,3,2,2,5,5,0,1,1,4,8,1,2
7742,1,3,2,4,0,7,1,0,1,0,1,3,1,2,6,7,0,2,1,0,7,4,4
7743,0,3,0,3,0,5,1,1,0,7,0,1,2,1,7,7,0,2,2,4,7,3,1
7744,0,3,0,8,0,5,1,1,0,10,0,1,2,2,7,7,0,2,2,4,7,2,1
7745,0,2,2,4,0,5,0,0,0,6,0,3,2,2,5,5,0,0,1,4,0,1,2
7746,0,5,2,8,0,5,1,1,0,7,0,1,1,1,7,7,0,2,2,4,7,2,1
7747,0,0,2,3,0,5,1,1,0,10,0,1,1,1,7,7,0,2,2,4,7,2,1
7748,0,5,0,8,0,5,1,1,0,10,0,1,2,1,7,7,0,2,2,4,7,2,1
7749,0,3,0,8,0,5,1,1,0,7,0,1,1,2,7,7,0,2,2,4,7,2,1
7750,1,3,2,4,0,2,1,0,1,0,1,3,2,2,6,6,0,2,1,0,7,4,0
7751,1,3,3,2,0,7,1,0,1,0,1,3,2,2,7,6,0,2,1,0,7,4,0
7752,0,3,0,3,0,5,1,1,0,7,0,1,2,2,7,7,0,2,2,4,7,3,1
7753,0,5,2,8,0,5,1,1,0,7,0,1,2,2,7,7,0,2,2,4,7,3,1
7754,1,3,2,4,0,2,1,0,1,0,1,1,2,2,6,7,0,2,1,0,7,4,4
7755,1,3,3,4,0,7,1,0,1,0,1,3,1,2,7,6,0,2,1,0,7,4,0
7756,1,3,3,4,0,2,1,0,1,0,1,1,1,1,6,7,0,2,1,0,7,4,4
7757,1,3,2,2,0,2,1,0,1,0,1,1,1,1,7,6,0,2,1,0,7,4,4
7758,1,3,2,2,0,7,1,0,1,0,1,3,1,2,7,7,0,2,1,0,7,4,2
7759,0,0,2,4,0,5,0,0,0,11,0,1,2,2,5,5,0,1,1,4,3,4,2
7760,1,3,2,2,0,7,1,0,1,0,1,1,2,1,7,7,0,2,1,0,7,4,4
7761,0,5,2,3,0,5,1,1,0,7,0,1,2,2,7,7,0,2,2,4,7,2,1
7762,0,5,2,4,0,5,0,0,0,6,0,1,2,2,5,5,0,1,1,4,8,4,2
7763,0,0,2,8,0,5,1,1,0,10,0,1,1,1,7,7,0,2,2,4,7,2,1
7764,1,3,2,2,0,7,1,0,1,0,1,1,1,2,6,7,0,2,1,0,7,4,4
7765,0,5,2,4,0,5,0,0,0,11,0,1,2,2,5,5,0,1,1,4,3,4,2
7766,1,3,2,4,0,2,1,0,1,0,1,3,1,1,7,7,0,2,1,0,7,4,0
7767,1,3,2,2,0,2,1,0,1,0,1,3,1,2,6,6,0,2,1,0,7,4,0
7768,1,3,3,2,0,7,1,0,1,0,1,1,2,1,7,6,0,2,1,0,7,4,4
7769,0,0,0,8,0,5,1,1,0,7,0,1,2,2,7,7,0,2,2,4,7,3,1
7770,1,3,3,4,0,2,1,0,1,0,1,3,1,2,7,7,0,2,1,0,7,4,0
7771,1,3,2,2,0,7,1,0,1,0,1,3,1,1,7,6,0,2,1,0,7,4,0
7772,0,0,2,3,0,5,1,1,0,10,0,1,2,1,7,7,0,2,2,4,7,3,1
7773,1,3,2,4,0,8,1,0,1,0,1,3,1,1,6,6,0,2,1,0,7,4,0
7774,1,5,2,4,0,8,1,0,1,0,1,3,2,1,7,7,0,2,1,0,7,4,4
7775,1,3,3,2,0,2,1,0,1,0,1,3,1,2,6,7,0,2,1,0,7,4,2
7776,0,5,2,8,0,5,1,1,0,7,0,1,2,2,7,7,0,2,2,4,7,2,1
7777,0,5,2,8,0,5,1,1,0,2,0,1,1,1,7,7,0,2,2,4,7,3,1
7778,1,3,3,4,0,7,1,0,1,0,1,1,1,2,7,6,0,2,1,0,7,4,4
7780,1,3,2,2,0,8,1,0,1,0,1,3,2,1,7,6,0,2,1,0,7,4,0
7781,1,3,3,2,0,7,1,0,1,0,1,1,2,2,7,6,0,2,1,0,7,4,2
7782,0,0,2,4,0,5,0,0,0,11,0,1,2,2,5,5,0,1,1,4,4,4,2
7783,0,0,0,3,0,5,1,1,0,10,0,1,2,1,7,7,0,2,2,4,7,2,1
7784,1,3,2,2,0,2,1,0,1,0,1,3,2,2,6,7,0,2,1,0,7,4,2
7785,1,3,2,4,0,7,1,0,1,0,1,1,2,2,7,6,0,2,1,0,7,4,2
7786,1,2,3,4,0,2,1,0,1,0,1,1,1,1,6,7,0,2,1,0,7,4,4
7787,1,2,3,4,0,2,1,0,1,0,1,3,2,1,6,7,0,2,1,0,7,4,0
7788,0,2,2,4,0,5,0,0,0,6,0,1,2,2,5,5,0,1,1,4,8,1,2
7789,1,3,3,4,0,8,1,0,1,0,1,3,2,2,7,7,0,2,1,0,7,4,0
7790,0,3,2,8,0,5,1,1,0,10,0,1,2,2,7,7,0,2,2,4,7,3,1
7791,0,0,2,4,0,5,0,0,0,11,0,3,2,2,5,5,0,1,1,4,0,1,2
7792,1,3,3,4,0,7,1,0,1,0,1,1,1,1,6,7,0,2,1,0,7,4,4
7793,1,3,2,4,0,8,1,0,1,0,1,3,1,2,7,6,0,2,1,0,7,4,4
7794,1,3,2,2,0,7,1,0,1,0,1,3,2,1,6,6,0,2,1,0,7,4,0
7795,0,3,2,8,0,5,1,1,0,7,0,1,2,1,7,7,0,2,2,4,7,2,1
7796,1,3,3,2,0,8,1,0,1,0,1,3,1,2,6,6,0,2,1,0,7,4,2
7797,0,5,2,8,0,5,1,1,0,10,0,1,2,2,7,7,0,2,2,4,7,3,1
7798,1,3,3,2,0,7,1,0,1,0,1,3,1,2,6,7,0,2,1,0,7,4,0
7799,1,3,3,2,0,7,1,0,1,0,1,3,1,1,7,6,0,2,1,0,7,4,0
7800,1,3,3,4,0,7,1,0,1,0,1,3,1,2,7,7,0,2,1,0,7,4,0
7802,1,5,2,4,0,7,1,0,1,0,1,3,2,1,6,7,0,2,1,0,7,4,0
7803,0,3,0,3,0,5,1,1,0,10,0,1,1,2,7,7,0,2,2,4,7,3,1
7804,1,3,2,2,0,8,1,0,1,0,1,3,2,2,7,7,0,2,1,0,7,4,2
7806,1,2,3,2,0,8,1,0,1,0,1,1,2,2,7,7,0,2,1,0,7,4,2
7807,0,3,2,4,0,5,0,0,0,5,0,3,2,2,5,5,0,0,1,4,0,1,2
7808,1,3,2,4,0,7,1,0,1,0,1,1,2,2,6,6,0,2,1,0,7,4,4
7809,0,0,0,3,0,5,1,1,0,2,0,1,2,1,7,7,0,2,2,4,7,2,1
7810,0,0,0,8,0,5,1,1,0,7,0,1,2,1,7,7,0,2,2,4,7,2,1
7811,0,5,2,4,0,5,0,0,0,11,0,1,2,2,5,5,0,1,1,4,8,4,2
7812,1,3,3,4,0,7,1,0,1,0,1,1,2,1,7,6,0,2,1,0,7,4,2
7813,0,2,2,4,0,5,0,0,0,11,0,3,2,2,5,5,0,0,1,4,4,1,2
7814,0,5,2,8,0,5,1,1,0,2,0,1,2,2,7,7,0,2,2,4,7,2,1
7815,1,3,2,2,0,7,1,0,1,0,1,3,2,2,7,7,0,2,1,0,7,4,2
7816,1,3,2,2,0,8,1,0,1,0,1,3,1,1,7,6,0,2,1,0,7,4,4
7817,0,5,2,3,0,5,1,1,0,10,0,1,1,1,7,7,0,2,2,4,7,2,1
7818,0,0,2,3,0,5,1,1,0,2,0,1,2,2,7,7,0,2,2,4,7,2,1
7819,1,3,3,4,0,2,1,0,1,0,1,3,2,1,6,6,0,2,1,0,7,4,0
7821,1,3,3,2,0,2,1,0,1,0,1,1,2,2,7,6,0,2,1,0,7,4,4
7822,1,3,3,4,0,2,1,0,1,0,1,1,2,1,7,6,0,2,1,0,7,4,4
7823,0,5,0,8,0,5,1,1,0,7,0,1,1,2,7,7,0,2,2,4,7,3,1
7824,1,3,3,2,0,2,1,0,1,0,1,3,1,2,7,7,0,2,1,0,7,4,2
7825,0,0,2,4,0,5,0,0,0,11,0,1,2,2,5,5,0,0,1,4,0,4,2
7826,1,3,3,4,0,7,1,0,1,0,1,3,1,1,7,6,0,2,1,0,7,4,0
7827,1,3,2,4,0,7,1,0,1,0,1,1,2,2,7,6,0,2,1,0,7,4,4
7828,0,0,2,4,0,5,0,0,0,11,0,1,2,2,5,5,0,0,1,4,8,4,2
7829,0,2,2,4,0,5,0,0,0,6,0,1,2,2,5,5,0,0,1,4,3,4,2
7830,0,3,2,3,0,5,1,1,0,10,0,1,1,1,7,7,0,2,2,4,7,2,1
7831,0,2,2,4,0,5,0,0,0,11,0,1,2,2,5,5,0,1,1,4,8,1,2
7832,1,3,3,2,0,8,1,0,1,0,1,1,2,1,6,7,0,2,1,0,7,4,2
7833,0,0,2,4,0,5,0,0,0,5,0,1,2,2,5,5,0,0,1,4,0,4,2
7834,0,3,2,4,0,5,0,0,0,11,0,3,2,2,5,5,0,1,1,4,3,1,2
7835,1,3,3,2,0,8,1,0,1,0,1,3,2,1,7,7,0,2,1,0,7,4,0
7836,0,2,2,4,0,5,0,0,0,11,0,3,2,2,5,5,0,1,1,4,3,1,2
7837,1,3,2,2,0,2,1,0,1,0,1,3,1,2,7,6,0,2,1,0,7,4,0
7838,0,0,0,3,0,5,1,1,0,2,0,1,1,1,7,7,0,2,2,4,7,2,1
7839,1,3,3,4,0,8,1,0,1,0,1,3,2,2,7,6,0,2,1,0,7,4,0
7840,0,2,2,4,0,5,0,0,0,5,0,1,2,2,5,5,0,1,1,4,0,4,2
7841,1,3,2,4,0,7,1,0,1,0,1,3,1,1,7,6,0,2,1,0,7,4,2
7842,0,5,2,3,0,5,1,1,0,10,0,1,1,2,7,7,0,2,2,4,7,3,1
7843,0,5,2,3,0,5,1,1,0,2,0,1,1,1,7,7,0,2,2,4,7,3,1
7844,0,3,2,4,0,5,0,0,0,11,0,1,2,2,5,5,0,0,1,4,0,4,2
7845,0,5,2,4,0,5,0,0,0,11,0,3,2,2,5,5,0,0,1,4,0,1,2
7846,1,3,3,2,0,8,1,0,1,0,1,3,2,2,7,7,0,2,1,0,7,4,0
7847,0,5,0,3,0,5,1,1,0,10,0,1,1,1,7,7,0,2,2,4,7,2,1
7848,1,3,2,4,0,2,1,0,1,0,1,3,1,2,7,6,0,2,1,0,7,4,0
7849,1,3,3,2,0,7,1,0,1,0,1,3,1,2,6,6,0,2,1,0,7,4,0
7850,1,3,3,4,0,2,1,0,1,0,1,1,2,2,6,7,0,2,1,0,7,4,4
7851,1,3,2,2,0,2,1,0,1,0,1,3,1,2,6,7,0,2,1,0,7,4,0
7852,1,3,3,4,0,7,1,0,1,0,1,1,2,1,7,7,0,2,1,0,7,4,2
7853,1,3,3,2,0,7,1,0,1,0,1,1,2,2,6,6,0,2,1,0,7,4,2
7854,0,5,2,8,0,5,1,1,0,2,0,1,1,2,7,7,0,2,2,4,7,2,1
7855,1,3,2,4,0,7,1,0,1,0,1,1,2,2,6,6,0,2,1,0,7,4,2
7856,1,3,2,2,0,8,1,0,1,0,1,1,1,2,7,6,0,2,1,0,7,4,4
7857,1,3,2,2,0,7,1,0,1,0,1,1,2,2,7,7,0,2,1,0,7,4,4
7858,0,5,0,3,0,5,1,1,0,10,0,1,2,2,7,7,0,2,2,4,7,2,1
7859,0,5,2,4,0,5,0,0,0,6,0,3,2,2,5,5,0,1,1,4,4,1,2
7860,0,0,2,8,0,5,1,1,0,7,0,1,1,1,7,7,0,2,2,4,7,2,1
7861,1,3,2,4,0,2,1,0,1,0,1,3,2,1,7,7,0,2,1,0,7,4,2
7862,1,3,3,4,0,2,1,0,1,0,1,1,2,2,7,7,0,2,1,0,7,4,2
7863,1,3,2,4,0,7,1,0,1,0,1,3,2,2,7,6,0,2,1,0,7,4,0
7864,1,5,3,2,0,2,1,0,1,0,1,1,1,2,7,7,0,2,1,0,7,4,4
7865,1,3,3,2,0,2,1,0,1,0,1,3,1,2,6,7,0,2,1,0,7,4,0
7866,0,5,2,4,0,5,0,0,0,6,0,1,2,2,5,5,0,1,1,4,0,4,2
7867,0,5,2,3,0,5,1,1,0,2,0,1,1,2,7,7,0,2,2,4,7,3,1
7868,1,3,2,2,0,2,1,0,1,0,1,3,1,2,7,6,0,2,1,0,7,4,2
7869,1,3,3,2,0,2,1,0,1,0,1,3,1,2,6,6,0,2,1,0,7,4,2
7870,0,3,2,8,0,5,1,1,0,2,0,1,1,2,7,7,0,2,2,4,7,2,1
7871,0,0,2,4,0,5,0,0,0,11,0,1,2,2,5,5,0,1,1,4,0,4,2
7872,0,3,2,8,0,5,1,1,0,7,0,1,1,1,7,7,0,2,2,4,7,2,1
7873,1,3,2,2,0,7,1,0,1,0,1,3,2,1,6,7,0,2,1,0,7,4,0
7874,1,3,3,4,0,2,1,0,1,0,1,1,2,1,7,7,0,2,1,0,7,4,4
7875,1,3,2,2,0,8,1,0,1,0,1,3,2,2,6,6,0,2,1,0,7,4,2
7876,1,3,2,4,0,8,1,0,1,0,1,3,1,2,6,7,0,2,1,0,7,4,0
7877,1,5,2,4,0,7,1,0,1,0,1,3,1,1,6,7,0,2,1,0,7,4,2
7878,0,3,2,4,0,5,0,0,0,6,0,3,2,2,5,5,0,1,1,4,3,1,2
7879,1,3,2,4,0,2,1,0,1,0,1,3,1,2,7,7,0,2,1,0,7,4,0
7880,1,3,2,4,0,7,1,0,1,0,1,3,1,1,7,7,0,2,1,0,7,4,0
7881,1,3,3,2,0,2,1,0,1,0,1,1,2,1,6,7,0,2,1,0,7,4,2
7882,0,5,0,8,0,5,1,1,0,7,0,1,2,1,7,7,0,2,2,4,7,3,1
7883,1,2,2,2,0,8,1,0,1,0,1,3,1,2,7,6,0,2,1,0,7,4,0
7884,1,3,2,4,0,8,1,0,1,0,1,3,1,2,6,6,0,2,1,0,7,4,2
7885,1,3,2,2,0,2,1,0,1,0,1,3,2,2,7,7,0,2,1,0,7,4,0
7886,0,2,2,4,0,5,0,0,0,6,0,1,2,2,5,5,0,1,1,4,0,4,2
7888,1,3,3,4,0,7,1,0,1,0,1,3,1,2,6,6,0,2,1,0,7,4,0
7889,1,3,2,2,0,7,1,0,1,0,1,3,1,1,6,7,0,2,1,0,7,4,2
7890,0,0,2,8,0,5,1,1,0,2,0,1,2,1,7,7,0,2,2,4,7,3,1
7891,1,3,3,4,0,7,1,0,1,0,1,1,2,2,7,7,0,2,1,0,7,4,4
7892,1,3,2,4,0,8,1,0,1,0,1,1,2,2,7,7,0,2,1,0,7,4,4
7893,0,5,2,4,0,5,0,0,0,6,0,3,2,2,5,5,0,1,1,4,3,1,2
7894,0,5,2,3,0,5,1,1,0,7,0,1,2,1,7,7,0,2,2,4,7,3,1
7895,0,5,2,3,0,5,1,1,0,2,0,1,1,1,7,7,0,2,2,4,7,2,1
7896,1,2,3,4,0,8,1,0,1,0,1,1,1,1,6,6,0,2,1,0,7,4,4
7897,1,2,3,4,0,7,1,0,1,0,1,3,2,2,7,6,0,2,1,0,7,4,0
7899,1,3,2,2,0,8,1,0,1,0,1,3,2,2,6,7,0,2,1,0,7,4,0
7900,0,5,0,8,0,5,1,1,0,10,0,1,1,2,7,7,0,2,2,4,7,3,1
7901,1,3,3,4,0,7,1,0,1,0,1,1,2,1,6,7,0,2,1,0,7,4,4
7902,1,3,2,4,0,8,1,0,1,0,1,3,2,1,6,7,0,2,1,0,7,4,4
7903,1,5,2,2,0,2,1,0,1,0,1,3,2,1,6,7,0,2,1,0,7,4,4
7904,0,5,0,3,0,5,1,1,0,7,0,1,1,2,7,7,0,2,2,4,7,3,1
7905,0,2,2,4,0,5,0,0,0,5,0,1,2,2,5,5,0,1,1,4,3,4,2
7906,1,5,3,2,0,2,1,0,1,0,1,1,1,2,6,7,0,2,1,0,7,4,4
7907,0,0,0,8,0,5,1,1,0,10,0,1,2,2,7,7,0,2,2,4,7,3,1
7908,1,3,2,2,0,2,1,0,1,0,1,3,2,2,7,7,0,2,1,0,7,4,2
7909,0,5,0,3,0,5,1,1,0,7,0,1,2,2,7,7,0,2,2,4,7,3,1
7911,0,5,2,4,0,5,0,0,0,11,0,1,2,2,5,5,0,0,1,4,4,4,2
7912,0,0,2,3,0,5,1,1,0,7,0,1,2,1,7,7,0,2,2,4,7,2,1
7913,0,0,2,4,0,5,0,0,0,5,0,1,2,2,5,5,0,1,1,4,4,4,2
7914,1,3,2,2,0,2,1,0,1,0,1,3,1,1,6,6,0,2,1,0,7,4,0
7915,0,2,2,4,0,5,0,0,0,6,0,1,2,2,5,5,0,1,1,4,4,4,2
7916,0,5,0,3,0,5,1,1,0,10,0,1,2,1,7,7,0,2,2,4,7,2,1
7917,1,3,2,4,0,2,1,0,1,0,1,3,2,1,7,7,0,2,1,0,7,4,4
7918,0,5,0,8,0,5,1,1,0,7,0,1,2,1,7,7,0,2,2,4,7,2,1
7920,1,3,3,2,0,2,1,0,1,0,1,1,2,2,6,7,0,2,1,0,7,4,2
7921,0,3,0,3,0,5,1,1,0,10,0,1,2,1,7,7,0,2,2,4,7,2,1
7922,0,3,2,4,0,5,0,0,0,6,0,1,2,2,5,5,0,1,1,4,8,1,2
7923,1,3,2,4,0,2,1,0,1,0,1,3,1,1,6,7,0,2,1,0,7,4,0
7924,1,3,2,4,0,8,1,0,1,0,1,3,2,1,7,7,0,2,1,0,7,4,2
7925,1,3,2,2,0,7,1,0,1,0,1,1,2,1,7,6,0,2,1,0,7,4,4
7926,1,3,3,4,0,7,1,0,1,0,1,3,2,1,6,6,0,2,1,0,7,4,0
7927,0,3,2,4,0,5,0,0,0,6,0,3,2,2,5,5,0,0,1,4,4,1,2
7928,1,3,3,4,0,7,1,0,1,0,1,1,1,2,7,7,0,2,1,0,7,4,4
7929,0,3,0,8,0,5,1,1,0,7,0,1,2,1,7,7,0,2,2,4,7,3,1
7930,1,3,3,2,0,2,1,0,1,0,1,1,1,1,6,7,0,2,1,0,7,4,4
7932,1,3,2,2,0,7,1,0,1,0,1,1,2,1,6,7,0,2,1,0,7,4,4
7933,0,5,0,3,0,5,1,1,0,10,0,1,1,1,7,7,0,2,2,4,7,3,1
7934,1,3,3,2,0,2,1,0,1,0,1,1,2,2,6,7,0,2,1,0,7,4,0
7935,1,3,3,2,0,8,1,0,1,0,1,3,1,2,7,7,0,2,1,0,7,4,0
7936,1,3,2,4,0,2,1,0,1,0,1,1,2,2,7,6,0,2,1,0,7,4,2
7937,0,0,2,4,0,5,0,0,0,5,0,3,2,2,5,5,0,0,1,4,4,1,2
7938,0,3,2,8,0,5,1,1,0,10,0,1,2,2,7,7,0,2,2,4,7,2,1
7939,0,0,2,4,0,5,0,0,0,11,0,1,2,2,5,5,0,1,1,4,4,1,2
7942,1,5,3,2,0,8,1,0,1,0,1,3,2,2,7,6,0,2,1,0,7,4,0
7943,1,3,3,4,0,2,1,0,1,0,1,1,1,2,6,7,0,2,1,0,7,4,4
7944,0,3,2,4,0,5,0,0,0,11,0,1,2,2,5,5,0,1,1,4,8,4,2
7945,0,3,2,4,0,5,0,0,0,5,0,3,2,2,5,5,0,1,1,4,4,1,2
7947,1,3,2,2,0,7,1,0,1,0,1,3,1,2,7,6,0,2,1,0,7,4,2
7948,1,3,3,4,0,8,1,0,1,0,1,1,2,1,6,6,0,2,1,0,7,4,2
7949,1,3,2,2,0,7,1,0,1,0,1,3,2,2,6,7,0,2,1,0,7,4,2
7950,1,3,3,4,0,8,1,0,1,0,1,3,2,1,7,6,0,2,1,0,7,4,0
7951,1,3,3,2,0,2,1,0,1,0,1,1,1,2,7,6,0,2,1,0,7,4,4
7953,0,5,2,4,0,5,0,0,0,6,0,3,2,2,5,5,0,0,1,4,3,1,2
7954,0,0,0,8,0,5,1,1,0,10,0,1,2,1,7,7,0,2,2,4,7,2,1
7955,0,3,0,3,0,5,1,1,0,2,0,1,2,1,7,7,0,2,2,4,7,3,1
7956,0,2,2,4,0,5,0,0,0,11,0,3,2,2,5,5,0,1,1,4,4,1,2
7957,0,3,2,4,0,5,0,0,0,5,0,3,2,2,5,5,0,0,1,4,4,1,2
7958,0,3,0,8,0,5,1,1,0,2,0,1,2,2,7,7,0,2,2,4,7,2,1
7959,1,3,3,2,0,2,1,0,1,0,1,3,1,2,7,6,0,2,1,0,7,4,2
7960,0,0,0,8,0,5,1,1,0,2,0,1,1,1,7,7,0,2,2,4,7,3,1
7961,1,3,3,4,0,8,1,0,1,0,1,1,2,2,7,6,0,2,1,0,7,4,4
7962,1,3,3,2,0,8,1,0,1,0,1,3,1,1,7,6,0,2,1,0,7,4,0
7963,1,3,3,4,0,2,1,0,1,0,1,3,2,1,7,6,0,2,1,0,7,4,0
7964,0,5,2,4,0,5,0,0,0,6,0,1,2,2,5,5,0,0,1,4,8,4,2
7966,0,0,2,8,0,5,1,1,0,7,0,1,2,1,7,7,0,2,2,4,7,2,1
7967,1,2,3,4,0,2,1,0,1,0,1,3,1,2,7,6,0,2,1,0,7,4,0
7968,1,3,2,4,0,2,1,0,1,0,1,3,2,1,6,7,0,2,1,0,7,4,2
7969,1,3,2,2,0,8,1,0,1,0,1,1,2,1,6,7,0,2,1,0,7,4,4
7970,0,5,2,4,0,5,0,0,0,6,0,1,2,2,5,5,0,0,1,4,8,1,2
7971,0,5,2,4,0,5,0,0,0,11,0,1,2,2,5,5,0,0,1,4,3,4,2
7972,0,0,2,8,0,5,1,1,0,10,0,1,2,2,7,7,0,2,2,4,7,3,1
7973,1,5,3,2,0,2,1,0,1,0,1,1,2,2,6,6,0,2,1,0,7,4,4
7974,0,0,0,8,0,5,1,1,0,10,0,1,1,2,7,7,0,2,2,4,7,3,1
7975,0,0,0,8,0,5,1,1,0,2,0,1,2,1,7,7,0,2,2,4,7,2,1
7976,0,0,0,8,0,5,1,1,0,2,0,1,1,2,7,7,0,2,2,4,7,2,1
7977,0,3,2,4,0,5,0,0,0,6,0,1,2,2,5,5,0,1,1,4,4,4,2
7978,1,3,3,2,0,7,1,0,1,0,1,1,2,1,6,7,0,2,1,0,7,4,4
7979,0,3,2,4,0,5,0,0,0,11,0,1,2,2,5,5,0,0,1,4,4,4,2
7980,1,3,2,2,0,2,1,0,1,0,1,3,1,2,7,7,0,2,1,0,7,4,0
7982,1,3,2,4,0,8,1,0,1,0,1,3,2,2,6,6,0,2,1,0,7,4,0
7983,0,5,2,3,0,5,1,1,0,2,0,1,2,1,7,7,0,2,2,4,7,2,1
7985,0,3,2,4,0,5,0,0,0,11,0,1,2,2,5,5,0,0,1,4,8,1,2
7987,1,5,2,4,0,2,1,0,1,0,1,3,1,1,6,6,0,2,1,0,7,4,2
7988,0,0,2,4,0,5,0,0,0,6,0,3,2,2,5,5,0,1,1,4,0,1,2
7989,1,2,2,4,0,8,1,0,1,0,1,1,1,1,7,7,0,2,1,0,7,4,4
7990,1,3,3,4,0,2,1,0,1,0,1,1,1,2,6,6,0,2,1,0,7,4,4
7991,0,3,2,3,0,5,1,1,0,10,0,1,1,2,7,7,0,2,2,4,7,2,1
7992,1,3,3,4,0,2,1,0,1,0,1,1,2,1,7,7,0,2,1,0,7,4,2
7993,0,3,0,3,0,5,1,1,0,2,0,1,1,2,7,7,0,2,2,4,7,3,1
7994,0,5,2,4,0,5,0,0,0,11,0,3,2,2,5,5,0,0,1,4,4,1,2
7995,1,3,2,2,0,8,1,0,1,0,1,1,2,1,7,7,0,2,1,0,7,4,4
7996,0,2,2,4,0,5,0,0,0,6,0,1,2,2,5,5,0,0,1,4,8,4,2
7997,1,3,2,4,0,8,1,0,1,0,1,3,1,1,6,6,0,2,1,0,7,4,2
7998,1,3,3,4,0,7,1,0,1,0,1,1,2,2,6,6,0,2,1,0,7,4,4
7999,0,3,2,4,0,5,0,0,0,5,0,1,2,2,5,5,0,0,1,4,3,4,2
8000,0,0,2,4,0,5,0,0,0,5,0,3,2,2,5,5,0,1,1,4,3,1,2
8002,0,5,2,8,0,5,1,1,0,10,0,1,1,2,7,7,0,2,2,4,7,3,1
8003,0,2,2,4,0,5,0,0,0,5,0,1,2,2,5,5,0,0,1,4,4,4,2
8004,1,2,2,4,0,2,1,0,1,0,1,1,2,1,7,6,0,2,1,0,7,4,4
8005,1,5,3,2,0,7,1,0,1,0,1,3,2,2,7,6,0,2,1,0,7,4,0
8006,1,3,3,2,0,8,1,0,1,0,1,1,2,1,7,6,0,2,1,0,7,4,4
8007,1,3,2,2,0,2,1,0,1,0,1,3,2,1,6,7,0,2,1,0,7,4,0
8008,1,3,2,2,0,2,1,0,1,0,1,1,1,1,6,7,0,2,1,0,7,4,4
8009,0,0,2,4,0,5,0,0,0,6,0,1,2,2,5,5,0,0,1,4,3,4,2
8010,0,5,2,4,0,5,0,0,0,11,0,1,2,2,5,5,0,0,1,4,8,4,2
8011,0,2,2,4,0,5,0,0,0,6,0,1,2,2,5,5,0,1,1,4,8,4,2
8012,1,3,2,4,0,7,1,0,1,0,1,1,2,2,7,7,0,2,1,0,7,4,2
8013,0,0,2,4,0,5,0,0,0,5,0,1,2,2,5,5,0,1,1,4,0,4,2
8014,0,3,2,3,0,5,1,1,0,10,0,1,2,2,7,7,0,2,2,4,7,3,1
8015,0,3,0,8,0,5,1,1,0,7,0,1,1,1,7,7,0,2,2,4,7,3,1
8016,1,3,2,2,0,7,1,0,1,0,1,1,1,2,6,6,0,2,1,0,7,4,4
8017,0,0,0,8,0,5,1,1,0,2,0,1,1,1,7,7,0,2,2,4,7,2,1
8018,0,5,2,8,0,5,1,1,0,10,0,1,2,1,7,7,0,2,2,4,7,3,1
8019,0,0,0,8,0,5,1,1,0,7,0,1,2,1,7,7,0,2,2,4,7,3,1
8020,1,3,3,4,0,8,1,0,1,0,1,3,2,2,6,6,0,2,1,0,7,4,0
8021,1,2,2,4,0,8,1,0,1,0,1,3,1,2,6,7,0,2,1,0,7,4,2
8022,1,2,3,2,0,8,1,0,1,0,1,1,1,1,6,6,0,2,1,0,7,4,4
8023,1,3,2,2,0,8,1,0,1,0,1,1,2,1,7,6,0,2,1,0,7,4,4
8024,1,3,3,4,0,2,1,0,1,0,1,3,1,2,6,6,0,2,1,0,7,4,0
8025,0,5,2,4,0,5,0,0,0,11,0,1,2,2,5,5,0,0,1,4,8,1,2
8026,0,2,2,4,0,5,0,0,0,11,0,1,2,2,5,5,0,0,1,4,3,4,2
8027,1,3,3,4,0,2,1,0,1,0,1,3,1,2,6,6,0,2,1,0,7,4,2
8028,1,3,2,4,0,2,1,0,1,0,1,1,2,2,6,7,0,2,1,0,7,4,2
8029,0,5,0,3,0,5,1,1,0,2,0,1,2,2,7,7,0,2,2,4,7,2,1
8030,0,3,2,8,0,5,1,1,0,10,0,1,2,1,7,7,0,2,2,4,7,3,1
8031,1,3,3,2,0,2,1,0,1,0,1,1,2,1,6,6,0,2,1,0,7,4,4
8032,1,5,2,4,0,2,1,0,1,0,1,1,2,2,7,7,0,2,1,0,7,4,0
8033,1,3,3,4,0,2,1,0,1,0,1,1,2,2,6,7,0,2,1,0,7,4,2
8034,0,3,2,4,0,5,0,0,0,5,0,3,2,2,5,5,0,1,1,4,0,1,2
8035,0,0,0,8,0,5,1,1,0,7,0,1,1,2,7,7,0,2,2,4,7,2,1
8036,0,3,2,4,0,5,0,0,0,5,0,1,2,2,5,5,0,0,1,4,0,4,2
8037,1,3,3,2,0,8,1,0,1,0,1,3,1,1,6,7,0,2,1,0,7,4,0
8039,1,3,2,2,0,2,1,0,1,0,1,3,2,1,7,7,0,2,1,0,7,4,2
8040,0,0,2,4,0,5,0,0,0,5,0,1,2,2,5,5,0,1,1,4,8,4,2
8041,1,3,3,2,0,8,1,0,1,0,1,1,1,2,6,7,0,2,1,0,7,4,4
8042,0,5,2,4,0,5,0,0,0,11,0,3,2,2,5,5,0,1,1,4,0,1,2
8043,0,2,2,4,0,5,0,0,0,5,0,1,2,2,5,5,0,0,1,4,0,4,2
8044,0,2,2,4,0,5,0,0,0,5,0,1,2,2,5,5,0,0,1,4,8,1,2
8045,1,3,3,2,0,8,1,0,1,0,1,1,1,2,7,6,0,2,1,0,7,4,4
8046,0,0,0,3,0,5,1,1,0,2,0,1,1,2,7,7,0,2,2,4,7,2,1
8047,1,3,2,2,0,8,1,0,1,0,1,3,2,1,6,7,0,2,1,0,7,4,0
8048,1,3,2,4,0,8,1,0,1,0,1,3,2,1,7,6,0,2,1,0,7,4,0
8049,1,3,3,4,0,2,1,0,1,0,1,3,1,2,7,7,0,2,1,0,7,4,2
8050,1,3,2,4,0,7,1,0,1,0,1,3,2,1,7,6,0,2,1,0,7,4,0
8051,0,5,0,8,0,5,1,1,0,10,0,1,2,1,7,7,0,2,2,4,7,3,1
8052,0,2,2,4,0,5,0,0,0,11,0,1,2,2,5,5,0,0,1,4,4,4,2
8053,1,3,3,4,0,2,1,0,1,0,1,3,1,1,7,6,0,2,1,0,7,4,0
8054,0,5,2,4,0,5,0,0,0,5,0,1,2,2,5,5,0,0,1,4,3,4,2
8055,0,0,0,3,0,5,1,1,0,10,0,1,1,2,7,7,0,2,2,4,7,2,1
8056,0,0,2,4,0,5,0,0,0,6,0,1,2,2,5,5,0,1,1,4,8,4,2
8057,0,5,2,4,0,5,0,0,0,6,0,1,2,2,5,5,0,0,1,4,4,4,2
8058,1,3,2,2,0,7,1,0,1,0,1,3,2,1,7,6,0,2,1,0,7,4,2
8059,1,3,2,4,0,2,1,0,1,0,1,1,2,2,7,6,0,2,1,0,7,4,4
8060,1,3,2,4,0,7,1,0,1,0,1,3,1,2,6,6,0,2,1,0,7,4,0
8061,1,3,2,4,0,7,1,0,1,0,1,3,1,1,6,6,0,2,1,0,7,4,4
8062,1,3,3,4,0,8,1,0,1,0,1,1,2,1,6,7,0,2,1,0,7,4,2
8063,0,3,0,8,0,5,1,1,0,10,0,1,1,2,7,7,0,2,2,4,7,3,1
8064,1,3,3,2,0,2,1,0,1,0,1,1,2,2,6,6,0,2,1,0,7,4,2
8065,0,3,2,4,0,5,0,0,0,11,0,1,2,2,5,5,0,1,1,4,0,4,2
8066,1,3,2,2,0,2,1,0,1,0,1,3,1,1,7,7,0,2,1,0,7,4,4
8067,0,0,2,4,0,5,0,0,0,5,0,3,2,2,5,5,0,1,1,4,0,1,2
8068,0,2,2,4,0,5,0,0,0,6,0,3,2,2,5,5,0,1,1,4,0,1,2
8069,0,3,2,4,0,5,0,0,0,5,0,3,2,2,5,5,0,0,1,4,3,1,2
8070,1,3,3,2,0,7,1,0,1,0,1,3,1,1,7,7,0,2,1,0,7,4,2
8071,0,3,2,4,0,5,0,0,0,5,0,1,2,2,5,5,0,1,1,4,8,4,2
8072,1,3,3,2,0,2,1,0,1,0,1,1,1,1,7,7,0,2,1,0,7,4,4
8073,0,3,2,4,0,5,0,0,0,5,0,1,2,2,5,5,0,0,1,4,8,4,2
8074,0,0,0,3,0,5,1,1,0,10,0,1,1,1,7,7,0,2,2,4,7,2,1
8075,0,2,2,4,0,5,0,0,0,6,0,3,2,2,5,5,0,1,1,4,4,1,2
8076,0,0,2,4,0,5,0,0,0,6,0,1,2,2,5,5,0,0,1,4,8,1,2
8077,0,2,2,4,0,5,0,0,0,6,0,1,2,2,5,5,0,0,1,4,4,4,2
8078,0,0,0,3,0,5,1,1,0,2,0,1,2,2,7,7,0,2,2,4,7,3,1
8079,1,3,3,2,0,2,1,0,1,0,1,1,2,2,7,7,0,2,1,0,7,4,2
8080,1,3,2,4,0,7,1,0,1,0,1,3,2,1,6,7,0,2,1,0,7,4,0
8081,1,3,3,4,0,2,1,0,1,0,1,1,1,2,7,7,0,2,1,0,7,4,4
8082,1,3,2,2,0,7,1,0,1,0,1,3,1,1,6,6,0,2,1,0,7,4,4
8083,1,3,3,4,0,8,1,0,1,0,1,1,2,2,7,7,0,2,1,0,7,4,2
8084,0,0,0,3,0,5,1,1,0,7,0,1,1,1,7,7,0,2,2,4,7,3,1
8085,0,3,0,8,0,5,1,1,0,2,0,1,2,1,7,7,0,2,2,4,7,3,1
8086,0,3,2,4,0,5,0,0,0,5,0,1,2,2,5,5,0,0,1,4,4,4,2
8087,1,5,2,2,0,2,1,0,1,0,1,3,1,2,7,6,0,2,1,0,7,4,4
8088,0,3,2,4,0,5,0,0,0,5,0,1,2,2,5,5,0,1,1,4,3,4,2
8089,1,3,3,2,0,2,1,0,1,0,1,3,1,1,7,6,0,2,1,0,7,4,0
8090,1,3,2,4,0,2,1,0,1,0,1,3,1,2,6,6,0,2,1,0,7,4,0
8091,1,3,3,2,0,2,1,0,1,0,1,1,2,1,7,7,0,2,1,0,7,4,4
8092,1,3,3,2,0,8,1,0,1,0,1,1,2,2,6,6,0,2,1,0,7,4,4
8093,1,5,2,4,0,8,1,0,1,0,1,3,1,1,7,7,0,2,1,0,7,4,0
8094,0,0,2,3,0,5,1,1,0,2,0,1,1,2,7,7,0,2,2,4,7,2,1
8096,0,3,0,8,0,5,1,1,0,10,0,1,1,2,7,7,0,2,2,4,7,2,1
8097,1,3,3,4,0,7,1,0,1,0,1,3,1,1,6,6,0,2,1,0,7,4,2
8098,1,3,2,2,0,8,1,0,1,0,1,3,1,1,7,6,0,2,1,0,7,4,0
8099,0,3,0,8,0,5,1,1,0,10,0,1,1,1,7,7,0,2,2,4,7,3,1
8100,0,2,2,4,0,5,0,0,0,6,0,1,2,2,5,5,0,0,1,4,0,4,2
8101,1,3,2,2,0,7,1,0,1,0,1,1,2,2,6,7,0,2,1,0,7,4,4
8102,0,5,2,4,0,5,0,0,0,11,0,3,2,2,5,5,0,0,1,4,3,1,2
8103,0,3,2,4,0,5,0,0,0,11,0,3,2,2,5,5,0,0,1,4,4,1,2
8104,0,3,2,4,0,5,0,0,0,11,0,1,2,2,5,5,0,1,1,4,3,4,2
8105,0,3,2,4,0,5,0,0,0,11,0,1,2,2,5,5,0,0,1,4,8,4,2
8106,0,3,2,4,0,5,0,0,0,6,0,1,2,2,5,5,0,1,1,4,3,4,2
8107,0,5,2,4,0,5,0,0,0,11,0,3,2,2,5,5,0,1,1,4,3,1,2
8108,1,3,3,2,0,8,1,0,1,0,1,3,1,2,6,7,0,2,1,0,7,4,2
8109,0,0,2,8,0,5,1,1,0,10,0,1,2,2,7,7,0,2,2,4,7,2,1
8110,0,5,2,4,0,5,0,0,0,6,0,1,2,2,5,5,0,1,1,4,3,4,2
8111,0,3,2,8,0,5,1,1,0,7,0,1,2,2,7,7,0,2,2,4,7,2,1
8112,0,3,2,4,0,5,0,0,0,6,0,1,2,2,5,5,0,0,1,4,0,4,2
8113,1,3,3,2,0,8,1,0,1,0,1,3,1,1,6,6,0,2,1,0,7,4,0
8115,0,5,2,4,0,5,0,0,0,11,0,1,2,2,5,5,0,1,1,4,4,4,2
8116,1,3,3,4,0,7,1,0,1,0,1,1,2,1,6,7,0,2,1,0,7,4,2
8117,1,3,2,2,0,8,1,0,1,0,1,3,1,2,6,7,0,2,1,0,7,4,0
8118,1,3,3,4,0,2,1,0,1,0,1,3,1,2,6,7,0,2,1,0,7,4,0
8119,0,3,2,4,0,5,0,0,0,11,0,3,2,2,5,5,0,1,1,4,0,1,2
8120,0,5,2,4,0,5,0,0,0,11,0,1,2,2,5,5,0,0,1,4,0,4,2
8121,0,2,2,4,0,5,0,0,0,5,0,3,2,2,5,5,0,1,1,4,0,1,2
8122,1,3,3,4,0,8,1,0,1,0,1,1,2,1,7,7,0,2,1,0,7,4,2
8123,0,5,2,4,0,5,0,0,0,11,0,3,2,2,5,5,0,1,1,4,4,1,2
